================================================================================
SHEET: Sets (max_row=366, max_column=17)
================================================================================
R1: [(1, 'J'), (2, 'I'), (3, 'I_NOSEC'), (4, 'I_P'), (5, 'I_S'), (6, 'S'), (7, 'D'), (8, 'D_S'), (9, 'D_L'), (10, 'C'), (11, 'T'), (12, 'C_H'), (13, 'L'), (15, 'Referencias')]
R2: [(1, 'J1'), (2, 'COLZA'), (3, 'COLZA'), (4, 'SORGO'), (5, 'AVENA CS'), (6, 'S1'), (7, 'D1'), (8, 'D1'), (9, 'D3'), (10, 'C1'), (11, 'T1'), (12, 'CH1'), (13, 'L0'), (15, 'J'), (16, 'Lotes')]
R3: [(1, 'J2'), (2, 'CARINATA'), (3, 'CARINATA'), (4, 'MAIZ'), (5, 'R. GRASS CS'), (6, 'S2'), (7, 'D2'), (8, 'D2'), (9, 'D4'), (10, 'C2'), (11, 'T2'), (12, 'CH2'), (13, 'L1'), (15, 'I'), (16, 'Cultivos')]
R4: [(1, 'J3'), (2, 'AVENA'), (3, 'AVENA'), (4, 'SOJA'), (5, 'VICIA CS'), (6, 'S3'), (7, 'D3'), (9, 'D5'), (10, 'C3'), (11, 'T3'), (12, 'CH3'), (13, 'L2'), (15, 'I_NOSEC'), (16, 'Cultivos que no pueden ser consecutivos 2 años')]
R5: [(1, 'J4'), (2, 'R. GRASS'), (3, 'R. GRASS'), (4, 'SOJA II'), (5, 'CAMELINA'), (7, 'D4'), (11, 'T4'), (13, 'L3'), (15, 'I_P'), (16, 'Cultivos principales')]
R6: [(1, 'J5'), (2, 'TRIGO'), (3, 'TRIGO'), (4, 'TRIGO'), (7, 'D5'), (11, 'T5'), (13, 'L4'), (15, 'I_S'), (16, 'Cultivos secundarios')]
R7: [(1, 'J6'), (2, 'CAMELINA'), (3, 'CAMELINA'), (4, 'COLZA'), (11, 'T6'), (13, 'L5'), (15, 'S'), (16, 'Suelos')]
R8: [(1, 'J7'), (2, 'CEBADA'), (3, 'CEBADA'), (15, 'D'), (16, 'Destinos')]
R9: [(1, 'J8'), (2, 'CENTENO'), (3, 'CENTENO'), (15, 'D_S'), (16, 'Destinos de corta distancia')]
R10: [(1, 'J9'), (2, 'ARVEJA'), (3, 'ARVEJA'), (15, 'D_L'), (16, 'Destinos de larga distancia')]
R11: [(1, 'J10'), (2, 'GIRASOL'), (3, 'GIRASOL'), (15, 'C'), (16, 'Campañas')]
R12: [(2, 'SORGO'), (3, 'SORGO'), (15, 'T'), (16, 'Slots'), (17, '3x#C')]
R13: [(2, 'MAIZ'), (3, 'MAIZ'), (15, 'C_H'), (16, 'Campañas históricas a considerar')]
R14: [(2, 'SOJA'), (3, 'SOJA'), (15, 'L'), (16, 'niveles de antiguedad de un cultivo sobre un lote'), (17, '#C + #C_H - 1')]
R15: [(2, 'SOJA II'), (3, 'SOJA II')]
R16: [(2, 'MAIZ II'), (3, 'MAIZ II')]
R17: [(2, 'MAIZ T'), (3, 'MAIZ T')]
R18: [(2, 'AVENA CS'), (3, 'VICIA CS'), (15, 'Tipos de Suelos')]
R19: [(2, 'R. GRASS CS'), (15, 'S1'), (16, 'Molisol')]
R20: [(2, 'VICIA CS'), (15, 'S2'), (16, 'Alfisol')]
R21: [(2, 'BARBECHO'), (15, 'S3'), (16, 'Vertisol')]
================================================================================
SHEET: Plots (J) (max_row=22, max_column=24)
================================================================================
R1: [(1, 'J'), (2, 'ha'), (3, 'max_m'), (4, 'max_s'), (6, 'Proporción de suelo por lote (ep)'), (11, 'Rendimiento por lote (py)'), (16, 'Limite max Q de ha por cultivo-campaña (maxha)'), (21, 'Limite min Q de ha por cultivo-campaña (minha)')]
R2: [(1, 'J1'), (2, 98), (3, 10), (4, 10), (7, 'S1'), (8, 'S2'), (9, 'S3'), (12, 'S1'), (13, 'S2'), (14, 'S3'), (17, 'C1'), (18, 'C2'), (19, 'C3'), (22, 'C1'), (23, 'C2')]
R3: [(1, 'J2'), (2, 32), (3, 10), (4, 10), (6, 'J1'), (7, 0), (8, 0), (9, 1), (11, 'J1'), (12, 'B'), (13, 'M'), (14, 'A'), (16, 'COLZA'), (17, 100), (18, 100)]
R4: [(1, 'J3'), (2, 44), (3, 10), (4, 10), (6, 'J2'), (7, 0), (8, 0), (9, 1), (11, 'J2'), (12, 'B'), (13, 'M'), (14, 'A'), (16, 'CARINATA'), (17, 500), (18, 500)]
R5: [(1, 'J4'), (2, 80), (3, 10), (4, 10), (6, 'J3'), (7, 0), (8, 0), (9, 1), (11, 'J3'), (12, 'B'), (13, 'M'), (14, 'A'), (16, 'AVENA'), (17, 500), (18, 500)]
R6: [(1, 'J5'), (2, 30), (3, 10), (4, 10), (6, 'J4'), (7, 0), (8, 0), (9, 1), (11, 'J4'), (12, 'B'), (13, 'M'), (14, 'A'), (16, 'R. GRASS'), (17, 60), (18, 60)]
R7: [(1, 'J6'), (2, 19), (3, 10), (4, 10), (6, 'J5'), (7, 0), (8, 0), (9, 1), (11, 'J5'), (12, 'B'), (13, 'M'), (14, 'A'), (16, 'TRIGO'), (17, 124), (18, 124)]
R8: [(1, 'J7'), (2, 60), (3, 10), (4, 10), (6, 'J6'), (7, 0), (8, 0), (9, 1), (11, 'J6'), (12, 'B'), (13, 'M'), (14, 'A'), (16, 'CAMELINA'), (17, 500), (18, 500)]
R9: [(1, 'J8'), (2, 49), (3, 10), (4, 10), (6, 'J7'), (7, 0), (8, 0), (9, 1), (11, 'J7'), (12, 'B'), (13, 'M'), (14, 'A'), (16, 'CEBADA'), (17, 500), (18, 500)]
R10: [(1, 'J9'), (2, 51), (3, 10), (4, 10), (6, 'J8'), (7, 0), (8, 0), (9, 1), (11, 'J8'), (12, 'B'), (13, 'M'), (14, 'A'), (16, 'CENTENO'), (17, 500), (18, 500)]
R11: [(1, 'J10'), (2, 21), (3, 10), (4, 10), (6, 'J9'), (7, 0), (8, 0), (9, 1), (11, 'J9'), (12, 'B'), (13, 'M'), (14, 'A'), (16, 'ARVEJA'), (17, 500), (18, 500)]
R12: [(6, 'J10'), (7, 0), (8, 0), (9, 1), (11, 'J10'), (12, 'B'), (13, 'M'), (14, 'A'), (16, 'GIRASOL'), (17, 500), (18, 500), (19, 500), (21, 'GIRASOL'), (22, 0), (23, 0)]
R13: [(16, 'SORGO'), (17, 500), (18, 500), (19, 500), (21, 'SORGO'), (22, 0), (23, 0), (24, 0)]
R14: [(16, 'MAIZ'), (17, 500), (18, 500), (19, 500), (21, 'MAIZ'), (22, 0), (23, 0), (24, 0)]
R15: [(16, 'SOJA'), (17, 500), (18, 500), (19, 500), (21, 'SOJA'), (22, 0), (23, 0), (24, 0)]
R16: [(16, 'SOJA II'), (17, 500), (18, 500), (19, 500), (21, 'SOJA II'), (22, 0), (23, 0), (24, 0)]
R17: [(16, 'MAIZ II'), (17, 500), (18, 500), (19, 500), (21, 'MAIZ II'), (22, 0), (23, 0), (24, 0)]
R18: [(16, 'MAIZ T'), (17, 500), (18, 500), (19, 500), (21, 'MAIZ T'), (22, 0), (23, 0), (24, 0)]
R19: [(16, 'AVENA CS'), (17, 500), (18, 500), (19, 500), (21, 'AVENA CS'), (22, 0), (23, 0), (24, 0)]
R20: [(16, 'R. GRASS CS'), (17, 500), (18, 500), (19, 500), (21, 'R. GRASS CS'), (22, 0), (23, 0), (24, 0)]
R21: [(16, 'VICIA CS'), (17, 32), (18, 32), (19, 32), (21, 'VICIA CS'), (22, 0), (23, 0), (24, 0)]
R22: [(16, 'BARBECHO'), (17, 500), (18, 500), (19, 500), (21, 'BARBECHO'), (22, 0), (23, 0), (24, 0)]
================================================================================
SHEET: Costs (max_row=202, max_column=67)
================================================================================
R1: [(1, 'Precio de venta - fsp [USD/ton]'), (6, 'Costo de siembra - sc [USD/ha]'), (11, 'COSTOS DE SIEMBRA'), (12, 'Costo de SEMILLA - [USD/ha]'), (15, 'Costo de AGROQUÍMICOS - [USD/ha]'), (18, 'Costo de FERTILIZANTES - [USD/ha]'), (21, 'Costo de LABORES - [USD/ha]'), (24, 'Costo de ESTRUCTURA - [USD/ha]'), (28, 'Costo de cosecha - hc [USD/ha]'), (34, 'Costo de arrendamiento fijo - frc [USD/ha]'), (40, 'Costo de arrendamiento variable - vr [%]'), (46, 'Tarifa comercialización - tf [%]'), (49, '% de producción a acondicionar - scp [%]'), (51, 'Costo de acondicionamiento - cp [USD/ton]'), (57, 'Proporción destinada a flete corto o embolsado - st [%]')]
R2: [(2, 'C1'), (3, 'C2'), (4, 'C3'), (7, 'C1'), (8, 'C2'), (9, 'C3'), (12, 'C1'), (13, 'C2'), (14, 'C3'), (15, 'C1'), (16, 'C2'), (17, 'C3'), (18, 'C1'), (19, 'C2'), (20, 'C3')]
R3: [(1, 'COLZA'), (2, 520), (3, 520), (4, 520), (6, 'COLZA'), (7, 442.65000000000003), (8, 442.65000000000003), (9, 442.65000000000003), (11, 'COLZA'), (12, 66), (13, 66), (14, 66), (15, 99.05), (16, 99.05), (17, 99.05)]
R4: [(1, 'CARINATA'), (2, 490), (3, 490), (4, 490), (6, 'CARINATA'), (7, 439.937), (8, 439.937), (9, 439.937), (11, 'CARINATA'), (12, 72), (13, 72), (14, 72), (15, 90.337), (16, 90.337), (17, 90.337)]
R5: [(1, 'AVENA'), (2, 250), (3, 250), (4, 250), (6, 'AVENA'), (7, 331.03549999999996), (8, 331.03549999999996), (9, 331.03549999999996), (11, 'AVENA'), (12, 36), (13, 36), (14, 36), (15, 38.8955), (16, 38.8955), (17, 38.8955)]
R6: [(1, 'R. GRASS'), (2, 550), (3, 1100), (4, 550), (6, 'R. GRASS'), (7, 313.14300000000003), (8, 313.14300000000003), (9, 313.14300000000003), (11, 'R. GRASS'), (12, 21.25), (13, 21.25), (14, 21.25), (15, 29.293), (16, 29.293), (17, 29.293)]
R7: [(1, 'TRIGO'), (2, 216), (3, 190), (4, 180), (6, 'TRIGO'), (7, 443.1832149614657), (8, 443.1832149614657), (9, 443.1832149614657), (11, 'TRIGO'), (12, 59.5), (13, 59.5), (14, 59.5), (15, 49.864999999999995), (16, 49.864999999999995), (17, 49.864999999999995)]
R8: [(1, 'CAMELINA'), (2, 380), (3, 380), (4, 380), (6, 'CAMELINA'), (7, 367.898), (8, 367.898), (9, 367.898), (11, 'CAMELINA'), (12, 14.95), (13, 14.95), (14, 14.95), (15, 80.848), (16, 80.848), (17, 80.848)]
R9: [(1, 'CEBADA'), (2, 0), (3, 0), (4, 0), (6, 'CEBADA'), (7, 109), (8, 109), (9, 109), (11, 'CEBADA'), (12, 0), (13, 0), (14, 0), (15, 0), (16, 0), (17, 0)]
R10: [(1, 'CENTENO'), (2, 0), (3, 0), (4, 0), (6, 'CENTENO'), (7, 96), (8, 96), (9, 96), (11, 'CENTENO'), (12, 0), (13, 0), (14, 0), (15, 0), (16, 0), (17, 0)]
R11: [(1, 'ARVEJA'), (2, 0), (3, 0), (4, 0), (6, 'ARVEJA'), (7, 278.81), (8, 278.81), (9, 278.81), (11, 'ARVEJA'), (12, 115.5), (13, 115.5), (14, 115.5), (15, 32.16), (16, 32.16), (17, 32.16)]
R12: [(1, 'GIRASOL'), (2, 0), (3, 0), (4, 0), (6, 'GIRASOL'), (7, 468.105), (8, 468.105), (9, 468.105), (11, 'GIRASOL'), (12, 86.4), (13, 86.4), (14, 86.4), (15, 74.005), (16, 74.005), (17, 74.005)]
R13: [(1, 'SORGO'), (2, 190), (3, 190), (4, 190), (6, 'SORGO'), (7, 445.9773913043478), (8, 445.9773913043478), (9, 445.9773913043478), (11, 'SORGO'), (12, 65.2173913043478), (13, 65.2173913043478), (14, 65.2173913043478), (15, 78.16), (16, 78.16), (17, 78.16)]
R14: [(1, 'MAIZ'), (2, 181), (3, 181), (4, 181), (6, 'MAIZ'), (7, 502.1876923076923), (8, 502.1876923076923), (9, 502.1876923076923), (11, 'MAIZ'), (12, 92.3076923076923), (13, 92.3076923076923), (14, 92.3076923076923), (15, 67.38000000000001), (16, 67.38000000000001), (17, 67.38000000000001)]
R15: [(1, 'SOJA'), (2, 332), (3, 332), (4, 332), (6, 'SOJA'), (7, 419.92), (8, 419.92), (9, 419.92), (11, 'SOJA'), (12, 60), (13, 60), (14, 60), (15, 124.92), (16, 124.92), (17, 124.92)]
R16: [(1, 'SOJA II'), (2, 332), (3, 332), (4, 332), (6, 'SOJA II'), (7, 310.196), (8, 310.196), (9, 310.196), (11, 'SOJA II'), (12, 69.5), (13, 69.5), (14, 69.5), (15, 67.29599999999999), (16, 67.29599999999999), (17, 67.29599999999999)]
R17: [(1, 'MAIZ II'), (2, 185), (3, 185), (4, 185), (6, 'MAIZ II'), (7, 390.260347826087), (8, 390.260347826087), (9, 390.260347826087), (11, 'MAIZ II'), (12, 71.5), (13, 71.5), (14, 71.5), (15, 70.85600000000001), (16, 70.85600000000001), (17, 70.85600000000001)]
R18: [(1, 'MAIZ T'), (2, 185), (3, 185), (4, 185), (6, 'MAIZ T'), (7, 520.825574468085), (8, 520.825574468085), (9, 520.825574468085), (11, 'MAIZ T'), (12, 115.5), (13, 115.5), (14, 115.5), (15, 73.666), (16, 73.666), (17, 73.666)]
R19: [(1, 'AVENA CS'), (2, 0), (3, 0), (4, 0), (6, 'AVENA CS'), (7, 39.96211180124224), (8, 39.96211180124224), (9, 39.96211180124224), (11, 'AVENA CS'), (12, 0), (13, 0), (14, 0), (15, 0), (16, 0), (17, 0)]
R20: [(1, 'R. GRASS CS'), (2, 0), (3, 0), (4, 0), (6, 'R. GRASS CS'), (7, 288.14300000000003), (8, 288.14300000000003), (9, 288.14300000000003), (11, 'R. GRASS CS'), (12, 21.25), (13, 21.25), (14, 21.25), (15, 29.293), (16, 29.293), (17, 29.293)]
R21: [(1, 'VICIA CS'), (2, 1300), (3, 1300), (4, 1300), (6, 'VICIA CS'), (7, 194.18), (8, 194.18), (9, 194.18), (11, 'VICIA CS'), (12, 55), (13, 55), (14, 55), (15, 21.68), (16, 21.68), (17, 21.68)]
R22: [(1, 'BARBECHO'), (2, 0), (3, 0), (4, 0), (6, 'BARBECHO'), (7, 0), (8, 0), (9, 0), (11, 'BARBECHO'), (12, 0), (13, 0), (14, 0), (15, 0), (16, 0), (17, 0)]
R23: [(33, 'ARVEJA'), (34, 'J2'), (35, 0), (36, 0), (37, 0), (39, 'COLZA'), (40, 'J2'), (41, 0), (42, 0), (43, 0)]
R24: [(33, 'AVENA'), (34, 'J2'), (35, 116), (36, 116), (37, 116), (39, 'CARINATA'), (40, 'J2'), (41, 0), (42, 0), (43, 0)]
R25: [(33, 'AVENA CS'), (34, 'J2'), (35, 0), (36, 0), (37, 0), (39, 'AVENA'), (40, 'J2'), (41, 0), (42, 0), (43, 0)]
R26: [(33, 'BARBECHO'), (34, 'J2'), (35, 0), (36, 0), (37, 0), (39, 'R. GRASS'), (40, 'J2'), (41, 0), (42, 0), (43, 0)]
R27: [(33, 'CAMELINA'), (34, 'J2'), (35, 116), (36, 116), (37, 116), (39, 'TRIGO'), (40, 'J2'), (41, 0), (42, 0), (43, 0)]
R28: [(33, 'CARINATA'), (34, 'J2'), (35, 116), (36, 116), (37, 116), (39, 'CAMELINA'), (40, 'J2'), (41, 0), (42, 0), (43, 0)]
R29: [(33, 'CEBADA'), (34, 'J2'), (35, 0), (36, 0), (37, 0), (39, 'CEBADA'), (40, 'J2'), (41, 0), (42, 0), (43, 0)]
R30: [(33, 'CENTENO'), (34, 'J2'), (35, 0), (36, 0), (37, 0), (39, 'CENTENO'), (40, 'J2'), (41, 0), (42, 0), (43, 0)]
R31: [(33, 'COLZA'), (34, 'J2'), (35, 116), (36, 116), (37, 116), (39, 'ARVEJA'), (40, 'J2'), (41, 0), (42, 0), (43, 0)]
R32: [(33, 'GIRASOL'), (34, 'J2'), (35, 0), (36, 0), (37, 0), (39, 'GIRASOL'), (40, 'J2'), (41, 0), (42, 0), (43, 0)]
R33: [(33, 'MAIZ'), (34, 'J2'), (35, 232), (36, 232), (37, 232), (39, 'SORGO'), (40, 'J2'), (41, 0), (42, 0), (43, 0)]
R34: [(33, 'MAIZ II'), (34, 'J2'), (35, 232), (36, 232), (37, 232), (39, 'MAIZ'), (40, 'J2'), (41, 0), (42, 0), (43, 0)]
R35: [(33, 'MAIZ T'), (34, 'J2'), (35, 116), (36, 116), (37, 116), (39, 'SOJA'), (40, 'J2'), (41, 0), (42, 0), (43, 0)]
R36: [(33, 'R. GRASS'), (34, 'J2'), (35, 116), (36, 116), (37, 116), (39, 'SOJA II'), (40, 'J2'), (41, 0), (42, 0), (43, 0)]
R37: [(33, 'R. GRASS CS'), (34, 'J2'), (35, 0), (36, 0), (37, 0), (39, 'MAIZ II'), (40, 'J2'), (41, 0), (42, 0), (43, 0)]
R38: [(33, 'SOJA'), (34, 'J2'), (35, 232), (36, 232), (37, 232), (39, 'MAIZ T'), (40, 'J2'), (41, 0), (42, 0), (43, 0)]
R39: [(33, 'SOJA II'), (34, 'J2'), (35, 116), (36, 116), (37, 116), (39, 'AVENA CS'), (40, 'J2'), (41, 0), (42, 0), (43, 0)]
R40: [(33, 'SORGO'), (34, 'J2'), (35, 232), (36, 232), (37, 232), (39, 'R. GRASS CS'), (40, 'J2'), (41, 0), (42, 0), (43, 0)]
R41: [(33, 'TRIGO'), (34, 'J2'), (35, 116), (36, 116), (37, 116), (39, 'VICIA CS'), (40, 'J2'), (41, 0), (42, 0), (43, 0)]
R42: [(33, 'VICIA CS'), (34, 'J2'), (35, 116), (36, 116), (37, 116), (39, 'BARBECHO'), (40, 'J2'), (41, 0), (42, 0), (43, 0)]
R43: [(33, 'ARVEJA'), (34, 'J3'), (35, 0), (36, 0), (37, 0), (39, 'COLZA'), (40, 'J3'), (41, 0), (42, 0), (43, 0)]
R44: [(33, 'AVENA'), (34, 'J3'), (35, 116), (36, 116), (37, 116), (39, 'CARINATA'), (40, 'J3'), (41, 0), (42, 0), (43, 0)]
R45: [(33, 'AVENA CS'), (34, 'J3'), (35, 0), (36, 0), (37, 0), (39, 'AVENA'), (40, 'J3'), (41, 0), (42, 0), (43, 0)]
R46: [(33, 'BARBECHO'), (34, 'J3'), (35, 0), (36, 0), (37, 0), (39, 'R. GRASS'), (40, 'J3'), (41, 0), (42, 0), (43, 0)]
R47: [(33, 'CAMELINA'), (34, 'J3'), (35, 116), (36, 116), (37, 116), (39, 'TRIGO'), (40, 'J3'), (41, 0), (42, 0), (43, 0)]
R48: [(33, 'CARINATA'), (34, 'J3'), (35, 116), (36, 116), (37, 116), (39, 'CAMELINA'), (40, 'J3'), (41, 0), (42, 0), (43, 0)]
R49: [(33, 'CEBADA'), (34, 'J3'), (35, 0), (36, 0), (37, 0), (39, 'CEBADA'), (40, 'J3'), (41, 0), (42, 0), (43, 0)]
R50: [(33, 'CENTENO'), (34, 'J3'), (35, 0), (36, 0), (37, 0), (39, 'CENTENO'), (40, 'J3'), (41, 0), (42, 0), (43, 0)]
R51: [(33, 'COLZA'), (34, 'J3'), (35, 116), (36, 116), (37, 116), (39, 'ARVEJA'), (40, 'J3'), (41, 0), (42, 0), (43, 0)]
R52: [(33, 'GIRASOL'), (34, 'J3'), (35, 0), (36, 0), (37, 0), (39, 'GIRASOL'), (40, 'J3'), (41, 0), (42, 0), (43, 0)]
R53: [(33, 'MAIZ'), (34, 'J3'), (35, 232), (36, 232), (37, 232), (39, 'SORGO'), (40, 'J3'), (41, 0), (42, 0), (43, 0)]
R54: [(33, 'MAIZ II'), (34, 'J3'), (35, 232), (36, 232), (37, 232), (39, 'MAIZ'), (40, 'J3'), (41, 0), (42, 0), (43, 0)]
R55: [(33, 'MAIZ T'), (34, 'J3'), (35, 116), (36, 116), (37, 116), (39, 'SOJA'), (40, 'J3'), (41, 0), (42, 0), (43, 0)]
R56: [(33, 'R. GRASS'), (34, 'J3'), (35, 116), (36, 116), (37, 116), (39, 'SOJA II'), (40, 'J3'), (41, 0), (42, 0), (43, 0)]
R57: [(33, 'R. GRASS CS'), (34, 'J3'), (35, 0), (36, 0), (37, 0), (39, 'MAIZ II'), (40, 'J3'), (41, 0), (42, 0), (43, 0)]
R58: [(33, 'SOJA'), (34, 'J3'), (35, 232), (36, 232), (37, 232), (39, 'MAIZ T'), (40, 'J3'), (41, 0), (42, 0), (43, 0)]
R59: [(33, 'SOJA II'), (34, 'J3'), (35, 116), (36, 116), (37, 116), (39, 'AVENA CS'), (40, 'J3'), (41, 0), (42, 0), (43, 0)]
R60: [(33, 'SORGO'), (34, 'J3'), (35, 232), (36, 232), (37, 232), (39, 'R. GRASS CS'), (40, 'J3'), (41, 0), (42, 0), (43, 0)]
R61: [(33, 'TRIGO'), (34, 'J3'), (35, 116), (36, 116), (37, 116), (39, 'VICIA CS'), (40, 'J3'), (41, 0), (42, 0), (43, 0)]
R62: [(33, 'VICIA CS'), (34, 'J3'), (35, 116), (36, 116), (37, 116), (39, 'BARBECHO'), (40, 'J3'), (41, 0), (42, 0), (43, 0)]
R63: [(33, 'ARVEJA'), (34, 'J4'), (35, 0), (36, 0), (37, 0), (39, 'COLZA'), (40, 'J4'), (41, 0), (42, 0), (43, 0)]
R64: [(33, 'AVENA'), (34, 'J4'), (35, 116), (36, 116), (37, 116), (39, 'CARINATA'), (40, 'J4'), (41, 0), (42, 0), (43, 0)]
R65: [(33, 'AVENA CS'), (34, 'J4'), (35, 0), (36, 0), (37, 0), (39, 'AVENA'), (40, 'J4'), (41, 0), (42, 0), (43, 0)]
R66: [(33, 'BARBECHO'), (34, 'J4'), (35, 0), (36, 0), (37, 0), (39, 'R. GRASS'), (40, 'J4'), (41, 0), (42, 0), (43, 0)]
R67: [(33, 'CAMELINA'), (34, 'J4'), (35, 116), (36, 116), (37, 116), (39, 'TRIGO'), (40, 'J4'), (41, 0), (42, 0), (43, 0)]
R68: [(33, 'CARINATA'), (34, 'J4'), (35, 116), (36, 116), (37, 116), (39, 'CAMELINA'), (40, 'J4'), (41, 0), (42, 0), (43, 0)]
R69: [(33, 'CEBADA'), (34, 'J4'), (35, 0), (36, 0), (37, 0), (39, 'CEBADA'), (40, 'J4'), (41, 0), (42, 0), (43, 0)]
R70: [(33, 'CENTENO'), (34, 'J4'), (35, 0), (36, 0), (37, 0), (39, 'CENTENO'), (40, 'J4'), (41, 0), (42, 0), (43, 0)]
R71: [(33, 'COLZA'), (34, 'J4'), (35, 116), (36, 116), (37, 116), (39, 'ARVEJA'), (40, 'J4'), (41, 0), (42, 0), (43, 0)]
R72: [(33, 'GIRASOL'), (34, 'J4'), (35, 0), (36, 0), (37, 0), (39, 'GIRASOL'), (40, 'J4'), (41, 0), (42, 0), (43, 0)]
R73: [(33, 'MAIZ'), (34, 'J4'), (35, 232), (36, 232), (37, 232), (39, 'SORGO'), (40, 'J4'), (41, 0), (42, 0), (43, 0)]
R74: [(33, 'MAIZ II'), (34, 'J4'), (35, 232), (36, 232), (37, 232), (39, 'MAIZ'), (40, 'J4'), (41, 0), (42, 0), (43, 0)]
R75: [(33, 'MAIZ T'), (34, 'J4'), (35, 116), (36, 116), (37, 116), (39, 'SOJA'), (40, 'J4'), (41, 0), (42, 0), (43, 0)]
R76: [(33, 'R. GRASS'), (34, 'J4'), (35, 116), (36, 116), (37, 116), (39, 'SOJA II'), (40, 'J4'), (41, 0), (42, 0), (43, 0)]
R77: [(33, 'R. GRASS CS'), (34, 'J4'), (35, 0), (36, 0), (37, 0), (39, 'MAIZ II'), (40, 'J4'), (41, 0), (42, 0), (43, 0)]
R78: [(33, 'SOJA'), (34, 'J4'), (35, 232), (36, 232), (37, 232), (39, 'MAIZ T'), (40, 'J4'), (41, 0), (42, 0), (43, 0)]
R79: [(33, 'SOJA II'), (34, 'J4'), (35, 116), (36, 116), (37, 116), (39, 'AVENA CS'), (40, 'J4'), (41, 0), (42, 0), (43, 0)]
R80: [(33, 'SORGO'), (34, 'J4'), (35, 232), (36, 232), (37, 232), (39, 'R. GRASS CS'), (40, 'J4'), (41, 0), (42, 0), (43, 0)]
R81: [(33, 'TRIGO'), (34, 'J4'), (35, 116), (36, 116), (37, 116), (39, 'VICIA CS'), (40, 'J4'), (41, 0), (42, 0), (43, 0)]
R82: [(33, 'VICIA CS'), (34, 'J4'), (35, 116), (36, 116), (37, 116), (39, 'BARBECHO'), (40, 'J4'), (41, 0), (42, 0), (43, 0)]
R83: [(33, 'ARVEJA'), (34, 'J5'), (35, 0), (36, 0), (37, 0), (39, 'COLZA'), (40, 'J5'), (41, 0), (42, 0), (43, 0)]
R84: [(33, 'AVENA'), (34, 'J5'), (35, 116), (36, 116), (37, 116), (39, 'CARINATA'), (40, 'J5'), (41, 0), (42, 0), (43, 0)]
R85: [(33, 'AVENA CS'), (34, 'J5'), (35, 0), (36, 0), (37, 0), (39, 'AVENA'), (40, 'J5'), (41, 0), (42, 0), (43, 0)]
R86: [(33, 'BARBECHO'), (34, 'J5'), (35, 0), (36, 0), (37, 0), (39, 'R. GRASS'), (40, 'J5'), (41, 0), (42, 0), (43, 0)]
R87: [(33, 'CAMELINA'), (34, 'J5'), (35, 116), (36, 116), (37, 116), (39, 'TRIGO'), (40, 'J5'), (41, 0), (42, 0), (43, 0)]
R88: [(33, 'CARINATA'), (34, 'J5'), (35, 116), (36, 116), (37, 116), (39, 'CAMELINA'), (40, 'J5'), (41, 0), (42, 0), (43, 0)]
R89: [(33, 'CEBADA'), (34, 'J5'), (35, 0), (36, 0), (37, 0), (39, 'CEBADA'), (40, 'J5'), (41, 0), (42, 0), (43, 0)]
R90: [(33, 'CENTENO'), (34, 'J5'), (35, 0), (36, 0), (37, 0), (39, 'CENTENO'), (40, 'J5'), (41, 0), (42, 0), (43, 0)]
R91: [(33, 'COLZA'), (34, 'J5'), (35, 116), (36, 116), (37, 116), (39, 'ARVEJA'), (40, 'J5'), (41, 0), (42, 0), (43, 0)]
R92: [(33, 'GIRASOL'), (34, 'J5'), (35, 0), (36, 0), (37, 0), (39, 'GIRASOL'), (40, 'J5'), (41, 0), (42, 0), (43, 0)]
R93: [(33, 'MAIZ'), (34, 'J5'), (35, 232), (36, 232), (37, 232), (39, 'SORGO'), (40, 'J5'), (41, 0), (42, 0), (43, 0)]
R94: [(33, 'MAIZ II'), (34, 'J5'), (35, 232), (36, 232), (37, 232), (39, 'MAIZ'), (40, 'J5'), (41, 0), (42, 0), (43, 0)]
R95: [(33, 'MAIZ T'), (34, 'J5'), (35, 116), (36, 116), (37, 116), (39, 'SOJA'), (40, 'J5'), (41, 0), (42, 0), (43, 0)]
R96: [(33, 'R. GRASS'), (34, 'J5'), (35, 116), (36, 116), (37, 116), (39, 'SOJA II'), (40, 'J5'), (41, 0), (42, 0), (43, 0)]
R97: [(33, 'R. GRASS CS'), (34, 'J5'), (35, 0), (36, 0), (37, 0), (39, 'MAIZ II'), (40, 'J5'), (41, 0), (42, 0), (43, 0)]
R98: [(33, 'SOJA'), (34, 'J5'), (35, 232), (36, 232), (37, 232), (39, 'MAIZ T'), (40, 'J5'), (41, 0), (42, 0), (43, 0)]
R99: [(33, 'SOJA II'), (34, 'J5'), (35, 116), (36, 116), (37, 116), (39, 'AVENA CS'), (40, 'J5'), (41, 0), (42, 0), (43, 0)]
R100: [(33, 'SORGO'), (34, 'J5'), (35, 232), (36, 232), (37, 232), (39, 'R. GRASS CS'), (40, 'J5'), (41, 0), (42, 0), (43, 0)]
R101: [(33, 'TRIGO'), (34, 'J5'), (35, 116), (36, 116), (37, 116), (39, 'VICIA CS'), (40, 'J5'), (41, 0), (42, 0), (43, 0)]
R102: [(33, 'VICIA CS'), (34, 'J5'), (35, 116), (36, 116), (37, 116), (39, 'BARBECHO'), (40, 'J5'), (41, 0), (42, 0), (43, 0)]
R103: [(33, 'ARVEJA'), (34, 'J6'), (35, 0), (36, 0), (37, 0), (39, 'COLZA'), (40, 'J6'), (41, 0), (42, 0), (43, 0)]
R104: [(33, 'AVENA'), (34, 'J6'), (35, 116), (36, 116), (37, 116), (39, 'CARINATA'), (40, 'J6'), (41, 0), (42, 0), (43, 0)]
R105: [(33, 'AVENA CS'), (34, 'J6'), (35, 0), (36, 0), (37, 0), (39, 'AVENA'), (40, 'J6'), (41, 0), (42, 0), (43, 0)]
R106: [(33, 'BARBECHO'), (34, 'J6'), (35, 0), (36, 0), (37, 0), (39, 'R. GRASS'), (40, 'J6'), (41, 0), (42, 0), (43, 0)]
R107: [(33, 'CAMELINA'), (34, 'J6'), (35, 116), (36, 116), (37, 116), (39, 'TRIGO'), (40, 'J6'), (41, 0), (42, 0), (43, 0)]
R108: [(33, 'CARINATA'), (34, 'J6'), (35, 116), (36, 116), (37, 116), (39, 'CAMELINA'), (40, 'J6'), (41, 0), (42, 0), (43, 0)]
R109: [(33, 'CEBADA'), (34, 'J6'), (35, 0), (36, 0), (37, 0), (39, 'CEBADA'), (40, 'J6'), (41, 0), (42, 0), (43, 0)]
R110: [(33, 'CENTENO'), (34, 'J6'), (35, 0), (36, 0), (37, 0), (39, 'CENTENO'), (40, 'J6'), (41, 0), (42, 0), (43, 0)]
R111: [(33, 'COLZA'), (34, 'J6'), (35, 116), (36, 116), (37, 116), (39, 'ARVEJA'), (40, 'J6'), (41, 0), (42, 0), (43, 0)]
R112: [(33, 'GIRASOL'), (34, 'J6'), (35, 0), (36, 0), (37, 0), (39, 'GIRASOL'), (40, 'J6'), (41, 0), (42, 0), (43, 0)]
R113: [(33, 'MAIZ'), (34, 'J6'), (35, 232), (36, 232), (37, 232), (39, 'SORGO'), (40, 'J6'), (41, 0), (42, 0), (43, 0)]
R114: [(33, 'MAIZ II'), (34, 'J6'), (35, 232), (36, 232), (37, 232), (39, 'MAIZ'), (40, 'J6'), (41, 0), (42, 0), (43, 0)]
R115: [(33, 'MAIZ T'), (34, 'J6'), (35, 116), (36, 116), (37, 116), (39, 'SOJA'), (40, 'J6'), (41, 0), (42, 0), (43, 0)]
R116: [(33, 'R. GRASS'), (34, 'J6'), (35, 116), (36, 116), (37, 116), (39, 'SOJA II'), (40, 'J6'), (41, 0), (42, 0), (43, 0)]
R117: [(33, 'R. GRASS CS'), (34, 'J6'), (35, 0), (36, 0), (37, 0), (39, 'MAIZ II'), (40, 'J6'), (41, 0), (42, 0), (43, 0)]
R118: [(33, 'SOJA'), (34, 'J6'), (35, 232), (36, 232), (37, 232), (39, 'MAIZ T'), (40, 'J6'), (41, 0), (42, 0), (43, 0)]
R119: [(33, 'SOJA II'), (34, 'J6'), (35, 116), (36, 116), (37, 116), (39, 'AVENA CS'), (40, 'J6'), (41, 0), (42, 0), (43, 0)]
R120: [(33, 'SORGO'), (34, 'J6'), (35, 232), (36, 232), (37, 232), (39, 'R. GRASS CS'), (40, 'J6'), (41, 0), (42, 0), (43, 0)]
R121: [(33, 'TRIGO'), (34, 'J6'), (35, 116), (36, 116), (37, 116), (39, 'VICIA CS'), (40, 'J6'), (41, 0), (42, 0), (43, 0)]
R122: [(33, 'VICIA CS'), (34, 'J6'), (35, 116), (36, 116), (37, 116), (39, 'BARBECHO'), (40, 'J6'), (41, 0), (42, 0), (43, 0)]
R123: [(33, 'ARVEJA'), (34, 'J7'), (35, 0), (36, 0), (37, 0), (39, 'COLZA'), (40, 'J7'), (41, 0), (42, 0), (43, 0)]
R124: [(33, 'AVENA'), (34, 'J7'), (35, 116), (36, 116), (37, 116), (39, 'CARINATA'), (40, 'J7'), (41, 0), (42, 0), (43, 0)]
R125: [(33, 'AVENA CS'), (34, 'J7'), (35, 0), (36, 0), (37, 0), (39, 'AVENA'), (40, 'J7'), (41, 0), (42, 0), (43, 0)]
R126: [(33, 'BARBECHO'), (34, 'J7'), (35, 0), (36, 0), (37, 0), (39, 'R. GRASS'), (40, 'J7'), (41, 0), (42, 0), (43, 0)]
R127: [(33, 'CAMELINA'), (34, 'J7'), (35, 116), (36, 116), (37, 116), (39, 'TRIGO'), (40, 'J7'), (41, 0), (42, 0), (43, 0)]
R128: [(33, 'CARINATA'), (34, 'J7'), (35, 116), (36, 116), (37, 116), (39, 'CAMELINA'), (40, 'J7'), (41, 0), (42, 0), (43, 0)]
R129: [(33, 'CEBADA'), (34, 'J7'), (35, 0), (36, 0), (37, 0), (39, 'CEBADA'), (40, 'J7'), (41, 0), (42, 0), (43, 0)]
R130: [(33, 'CENTENO'), (34, 'J7'), (35, 0), (36, 0), (37, 0), (39, 'CENTENO'), (40, 'J7'), (41, 0), (42, 0), (43, 0)]
R131: [(33, 'COLZA'), (34, 'J7'), (35, 116), (36, 116), (37, 116), (39, 'ARVEJA'), (40, 'J7'), (41, 0), (42, 0), (43, 0)]
R132: [(33, 'GIRASOL'), (34, 'J7'), (35, 0), (36, 0), (37, 0), (39, 'GIRASOL'), (40, 'J7'), (41, 0), (42, 0), (43, 0)]
R133: [(33, 'MAIZ'), (34, 'J7'), (35, 232), (36, 232), (37, 232), (39, 'SORGO'), (40, 'J7'), (41, 0), (42, 0), (43, 0)]
R134: [(33, 'MAIZ II'), (34, 'J7'), (35, 232), (36, 232), (37, 232), (39, 'MAIZ'), (40, 'J7'), (41, 0), (42, 0), (43, 0)]
R135: [(33, 'MAIZ T'), (34, 'J7'), (35, 116), (36, 116), (37, 116), (39, 'SOJA'), (40, 'J7'), (41, 0), (42, 0), (43, 0)]
R136: [(33, 'R. GRASS'), (34, 'J7'), (35, 116), (36, 116), (37, 116), (39, 'SOJA II'), (40, 'J7'), (41, 0), (42, 0), (43, 0)]
R137: [(33, 'R. GRASS CS'), (34, 'J7'), (35, 0), (36, 0), (37, 0), (39, 'MAIZ II'), (40, 'J7'), (41, 0), (42, 0), (43, 0)]
R138: [(33, 'SOJA'), (34, 'J7'), (35, 232), (36, 232), (37, 232), (39, 'MAIZ T'), (40, 'J7'), (41, 0), (42, 0), (43, 0)]
R139: [(33, 'SOJA II'), (34, 'J7'), (35, 116), (36, 116), (37, 116), (39, 'AVENA CS'), (40, 'J7'), (41, 0), (42, 0), (43, 0)]
R140: [(33, 'SORGO'), (34, 'J7'), (35, 232), (36, 232), (37, 232), (39, 'R. GRASS CS'), (40, 'J7'), (41, 0), (42, 0), (43, 0)]
R141: [(33, 'TRIGO'), (34, 'J7'), (35, 116), (36, 116), (37, 116), (39, 'VICIA CS'), (40, 'J7'), (41, 0), (42, 0), (43, 0)]
R142: [(33, 'VICIA CS'), (34, 'J7'), (35, 116), (36, 116), (37, 116), (39, 'BARBECHO'), (40, 'J7'), (41, 0), (42, 0), (43, 0)]
R143: [(33, 'ARVEJA'), (34, 'J8'), (35, 0), (36, 0), (37, 0), (39, 'COLZA'), (40, 'J8'), (41, 0), (42, 0), (43, 0)]
R144: [(33, 'AVENA'), (34, 'J8'), (35, 116), (36, 116), (37, 116), (39, 'CARINATA'), (40, 'J8'), (41, 0), (42, 0), (43, 0)]
R145: [(33, 'AVENA CS'), (34, 'J8'), (35, 0), (36, 0), (37, 0), (39, 'AVENA'), (40, 'J8'), (41, 0), (42, 0), (43, 0)]
R146: [(33, 'BARBECHO'), (34, 'J8'), (35, 0), (36, 0), (37, 0), (39, 'R. GRASS'), (40, 'J8'), (41, 0), (42, 0), (43, 0)]
R147: [(33, 'CAMELINA'), (34, 'J8'), (35, 116), (36, 116), (37, 116), (39, 'TRIGO'), (40, 'J8'), (41, 0), (42, 0), (43, 0)]
R148: [(33, 'CARINATA'), (34, 'J8'), (35, 116), (36, 116), (37, 116), (39, 'CAMELINA'), (40, 'J8'), (41, 0), (42, 0), (43, 0)]
R149: [(33, 'CEBADA'), (34, 'J8'), (35, 0), (36, 0), (37, 0), (39, 'CEBADA'), (40, 'J8'), (41, 0), (42, 0), (43, 0)]
R150: [(33, 'CENTENO'), (34, 'J8'), (35, 0), (36, 0), (37, 0), (39, 'CENTENO'), (40, 'J8'), (41, 0), (42, 0), (43, 0)]
R151: [(33, 'COLZA'), (34, 'J8'), (35, 116), (36, 116), (37, 116), (39, 'ARVEJA'), (40, 'J8'), (41, 0), (42, 0), (43, 0)]
R152: [(33, 'GIRASOL'), (34, 'J8'), (35, 0), (36, 0), (37, 0), (39, 'GIRASOL'), (40, 'J8'), (41, 0), (42, 0), (43, 0)]
R153: [(33, 'MAIZ'), (34, 'J8'), (35, 232), (36, 232), (37, 232), (39, 'SORGO'), (40, 'J8'), (41, 0), (42, 0), (43, 0)]
R154: [(33, 'MAIZ II'), (34, 'J8'), (35, 232), (36, 232), (37, 232), (39, 'MAIZ'), (40, 'J8'), (41, 0), (42, 0), (43, 0)]
R155: [(33, 'MAIZ T'), (34, 'J8'), (35, 116), (36, 116), (37, 116), (39, 'SOJA'), (40, 'J8'), (41, 0), (42, 0), (43, 0)]
R156: [(33, 'R. GRASS'), (34, 'J8'), (35, 116), (36, 116), (37, 116), (39, 'SOJA II'), (40, 'J8'), (41, 0), (42, 0), (43, 0)]
R157: [(33, 'R. GRASS CS'), (34, 'J8'), (35, 0), (36, 0), (37, 0), (39, 'MAIZ II'), (40, 'J8'), (41, 0), (42, 0), (43, 0)]
R158: [(33, 'SOJA'), (34, 'J8'), (35, 232), (36, 232), (37, 232), (39, 'MAIZ T'), (40, 'J8'), (41, 0), (42, 0), (43, 0)]
R159: [(33, 'SOJA II'), (34, 'J8'), (35, 116), (36, 116), (37, 116), (39, 'AVENA CS'), (40, 'J8'), (41, 0), (42, 0), (43, 0)]
R160: [(33, 'SORGO'), (34, 'J8'), (35, 232), (36, 232), (37, 232), (39, 'R. GRASS CS'), (40, 'J8'), (41, 0), (42, 0), (43, 0)]
R161: [(33, 'TRIGO'), (34, 'J8'), (35, 116), (36, 116), (37, 116), (39, 'VICIA CS'), (40, 'J8'), (41, 0), (42, 0), (43, 0)]
R162: [(33, 'VICIA CS'), (34, 'J8'), (35, 116), (36, 116), (37, 116), (39, 'BARBECHO'), (40, 'J8'), (41, 0), (42, 0), (43, 0)]
R163: [(33, 'ARVEJA'), (34, 'J9'), (35, 0), (36, 0), (37, 0), (39, 'COLZA'), (40, 'J9'), (41, 0), (42, 0), (43, 0)]
R164: [(33, 'AVENA'), (34, 'J9'), (35, 116), (36, 116), (37, 116), (39, 'CARINATA'), (40, 'J9'), (41, 0), (42, 0), (43, 0)]
R165: [(33, 'AVENA CS'), (34, 'J9'), (35, 0), (36, 0), (37, 0), (39, 'AVENA'), (40, 'J9'), (41, 0), (42, 0), (43, 0)]
R166: [(33, 'BARBECHO'), (34, 'J9'), (35, 0), (36, 0), (37, 0), (39, 'R. GRASS'), (40, 'J9'), (41, 0), (42, 0), (43, 0)]
R167: [(33, 'CAMELINA'), (34, 'J9'), (35, 116), (36, 116), (37, 116), (39, 'TRIGO'), (40, 'J9'), (41, 0), (42, 0), (43, 0)]
R168: [(33, 'CARINATA'), (34, 'J9'), (35, 116), (36, 116), (37, 116), (39, 'CAMELINA'), (40, 'J9'), (41, 0), (42, 0), (43, 0)]
R169: [(33, 'CEBADA'), (34, 'J9'), (35, 0), (36, 0), (37, 0), (39, 'CEBADA'), (40, 'J9'), (41, 0), (42, 0), (43, 0)]
R170: [(33, 'CENTENO'), (34, 'J9'), (35, 0), (36, 0), (37, 0), (39, 'CENTENO'), (40, 'J9'), (41, 0), (42, 0), (43, 0)]
R171: [(33, 'COLZA'), (34, 'J9'), (35, 116), (36, 116), (37, 116), (39, 'ARVEJA'), (40, 'J9'), (41, 0), (42, 0), (43, 0)]
R172: [(33, 'GIRASOL'), (34, 'J9'), (35, 0), (36, 0), (37, 0), (39, 'GIRASOL'), (40, 'J9'), (41, 0), (42, 0), (43, 0)]
R173: [(33, 'MAIZ'), (34, 'J9'), (35, 232), (36, 232), (37, 232), (39, 'SORGO'), (40, 'J9'), (41, 0), (42, 0), (43, 0)]
R174: [(33, 'MAIZ II'), (34, 'J9'), (35, 232), (36, 232), (37, 232), (39, 'MAIZ'), (40, 'J9'), (41, 0), (42, 0), (43, 0)]
R175: [(33, 'MAIZ T'), (34, 'J9'), (35, 116), (36, 116), (37, 116), (39, 'SOJA'), (40, 'J9'), (41, 0), (42, 0), (43, 0)]
R176: [(33, 'R. GRASS'), (34, 'J9'), (35, 116), (36, 116), (37, 116), (39, 'SOJA II'), (40, 'J9'), (41, 0), (42, 0), (43, 0)]
R177: [(33, 'R. GRASS CS'), (34, 'J9'), (35, 0), (36, 0), (37, 0), (39, 'MAIZ II'), (40, 'J9'), (41, 0), (42, 0), (43, 0)]
R178: [(33, 'SOJA'), (34, 'J9'), (35, 232), (36, 232), (37, 232), (39, 'MAIZ T'), (40, 'J9'), (41, 0), (42, 0), (43, 0)]
R179: [(33, 'SOJA II'), (34, 'J9'), (35, 116), (36, 116), (37, 116), (39, 'AVENA CS'), (40, 'J9'), (41, 0), (42, 0), (43, 0)]
R180: [(33, 'SORGO'), (34, 'J9'), (35, 232), (36, 232), (37, 232), (39, 'R. GRASS CS'), (40, 'J9'), (41, 0), (42, 0), (43, 0)]
R181: [(33, 'TRIGO'), (34, 'J9'), (35, 116), (36, 116), (37, 116), (39, 'VICIA CS'), (40, 'J9'), (41, 0), (42, 0), (43, 0)]
R182: [(33, 'VICIA CS'), (34, 'J9'), (35, 116), (36, 116), (37, 116), (39, 'BARBECHO'), (40, 'J9'), (41, 0), (42, 0), (43, 0)]
R183: [(33, 'ARVEJA'), (34, 'J10'), (35, 0), (36, 0), (37, 0), (39, 'COLZA'), (40, 'J10'), (41, 0), (42, 0), (43, 0)]
R184: [(33, 'AVENA'), (34, 'J10'), (35, 116), (36, 116), (37, 116), (39, 'CARINATA'), (40, 'J10'), (41, 0), (42, 0), (43, 0)]
R185: [(33, 'AVENA CS'), (34, 'J10'), (35, 0), (36, 0), (37, 0), (39, 'AVENA'), (40, 'J10'), (41, 0), (42, 0), (43, 0)]
R186: [(33, 'BARBECHO'), (34, 'J10'), (35, 0), (36, 0), (37, 0), (39, 'R. GRASS'), (40, 'J10'), (41, 0), (42, 0), (43, 0)]
R187: [(33, 'CAMELINA'), (34, 'J10'), (35, 116), (36, 116), (37, 116), (39, 'TRIGO'), (40, 'J10'), (41, 0), (42, 0), (43, 0)]
R188: [(33, 'CARINATA'), (34, 'J10'), (35, 116), (36, 116), (37, 116), (39, 'CAMELINA'), (40, 'J10'), (41, 0), (42, 0), (43, 0)]
R189: [(33, 'CEBADA'), (34, 'J10'), (35, 0), (36, 0), (37, 0), (39, 'CEBADA'), (40, 'J10'), (41, 0), (42, 0), (43, 0)]
R190: [(33, 'CENTENO'), (34, 'J10'), (35, 0), (36, 0), (37, 0), (39, 'CENTENO'), (40, 'J10'), (41, 0), (42, 0), (43, 0)]
R191: [(33, 'COLZA'), (34, 'J10'), (35, 116), (36, 116), (37, 116), (39, 'ARVEJA'), (40, 'J10'), (41, 0), (42, 0), (43, 0)]
R192: [(33, 'GIRASOL'), (34, 'J10'), (35, 0), (36, 0), (37, 0), (39, 'GIRASOL'), (40, 'J10'), (41, 0), (42, 0), (43, 0)]
R193: [(33, 'MAIZ'), (34, 'J10'), (35, 232), (36, 232), (37, 232), (39, 'SORGO'), (40, 'J10'), (41, 0), (42, 0), (43, 0)]
R194: [(33, 'MAIZ II'), (34, 'J10'), (35, 232), (36, 232), (37, 232), (39, 'MAIZ'), (40, 'J10'), (41, 0), (42, 0), (43, 0)]
R195: [(33, 'MAIZ T'), (34, 'J10'), (35, 116), (36, 116), (37, 116), (39, 'SOJA'), (40, 'J10'), (41, 0), (42, 0), (43, 0)]
R196: [(33, 'R. GRASS'), (34, 'J10'), (35, 116), (36, 116), (37, 116), (39, 'SOJA II'), (40, 'J10'), (41, 0), (42, 0), (43, 0)]
R197: [(33, 'R. GRASS CS'), (34, 'J10'), (35, 0), (36, 0), (37, 0), (39, 'MAIZ II'), (40, 'J10'), (41, 0), (42, 0), (43, 0)]
R198: [(33, 'SOJA'), (34, 'J10'), (35, 232), (36, 232), (37, 232), (39, 'MAIZ T'), (40, 'J10'), (41, 0), (42, 0), (43, 0)]
R199: [(33, 'SOJA II'), (34, 'J10'), (35, 116), (36, 116), (37, 116), (39, 'AVENA CS'), (40, 'J10'), (41, 0), (42, 0), (43, 0)]
R200: [(33, 'SORGO'), (34, 'J10'), (35, 232), (36, 232), (37, 232), (39, 'R. GRASS CS'), (40, 'J10'), (41, 0), (42, 0), (43, 0)]
R201: [(33, 'TRIGO'), (34, 'J10'), (35, 116), (36, 116), (37, 116), (39, 'VICIA CS'), (40, 'J10'), (41, 0), (42, 0), (43, 0)]
R202: [(33, 'VICIA CS'), (34, 'J10'), (35, 116), (36, 116), (37, 116), (39, 'BARBECHO'), (40, 'J10'), (41, 0), (42, 0), (43, 0)]
================================================================================
SHEET: Crops (I) (max_row=43, max_column=53)
================================================================================
R1: [(1, 'I'), (2, 'gt'), (3, 'st_start'), (4, 'st_end'), (6, 'setup - cultivo actual en 1 columna, cultivo pasado en 1 fila'), (28, 'ar - secuenciamiento {0,1}'), (50, 'Compatibilidad con tipos de suelo')]
R2: [(1, 'COLZA'), (2, 213), (3, -60), (4, 0), (7, 'COLZA'), (8, 'CARINATA'), (9, 'AVENA'), (10, 'R. GRASS'), (11, 'TRIGO'), (12, 'CAMELINA'), (13, 'CEBADA'), (14, 'CENTENO'), (15, 'ARVEJA'), (16, 'GIRASOL'), (17, 'SORGO')]
R3: [(1, 'CARINATA'), (2, 213), (3, -60), (4, 0), (6, 'COLZA'), (7, 0), (8, 30), (9, 30), (10, 30), (11, 30), (12, 30), (13, 30), (14, 30), (15, 30), (16, 30)]
R4: [(1, 'AVENA'), (2, 183), (3, -30), (4, 30), (6, 'CARINATA'), (7, 30), (8, 0), (9, 30), (10, 30), (11, 30), (12, 30), (13, 30), (14, 30), (15, 30), (16, 30)]
R5: [(1, 'R. GRASS'), (2, 183), (3, -60), (4, 30), (6, 'AVENA'), (7, 30), (8, 30), (9, 0), (10, 30), (11, 30), (12, 30), (13, 30), (14, 30), (15, 30), (16, 30)]
R6: [(1, 'TRIGO'), (2, 183), (3, -30), (4, 45), (6, 'R. GRASS'), (7, 30), (8, 30), (9, 30), (10, 0), (11, 30), (12, 30), (13, 30), (14, 30), (15, 30), (16, 30)]
R7: [(1, 'CAMELINA'), (2, 122), (3, -30), (4, 30), (6, 'TRIGO'), (7, 30), (8, 30), (9, 30), (10, 30), (11, 0), (12, 30), (13, 30), (14, 30), (15, 30), (16, 30)]
R8: [(1, 'CEBADA'), (2, 152), (3, 1), (4, 61), (6, 'CAMELINA'), (7, 30), (8, 30), (9, 30), (10, 30), (11, 30), (12, 0), (13, 30), (14, 30), (15, 30), (16, 30)]
R9: [(1, 'CENTENO'), (2, 152), (3, 1), (4, 61), (6, 'CEBADA'), (7, 30), (8, 30), (9, 30), (10, 30), (11, 30), (12, 30), (13, 0), (14, 30), (15, 30), (16, 30)]
R10: [(1, 'ARVEJA'), (2, 152), (3, 1), (4, 92), (6, 'CENTENO'), (7, 30), (8, 30), (9, 30), (10, 30), (11, 30), (12, 30), (13, 30), (14, 0), (15, 30), (16, 30)]
R11: [(1, 'GIRASOL'), (2, 183), (3, 71), (4, 122), (6, 'ARVEJA'), (7, 30), (8, 30), (9, 30), (10, 30), (11, 30), (12, 30), (13, 30), (14, 30), (15, 0), (16, 30)]
R12: [(1, 'SORGO'), (2, 183), (3, 107), (4, 168), (6, 'GIRASOL'), (7, 30), (8, 30), (9, 30), (10, 30), (11, 30), (12, 30), (13, 30), (14, 30), (15, 30), (16, 0)]
R13: [(1, 'MAIZ'), (2, 183), (3, 76), (4, 107), (6, 'SORGO'), (7, 30), (8, 30), (9, 30), (10, 30), (11, 30), (12, 30), (13, 30), (14, 30), (15, 30), (16, 30)]
R14: [(1, 'SOJA'), (2, 152), (3, 132), (4, 183), (6, 'MAIZ'), (7, 30), (8, 30), (9, 30), (10, 30), (11, 30), (12, 30), (13, 30), (14, 30), (15, 30), (16, 30)]
R15: [(1, 'SOJA II'), (2, 152), (3, 173), (4, 229), (6, 'SOJA'), (7, 30), (8, 30), (9, 30), (10, 30), (11, 30), (12, 30), (13, 30), (14, 30), (15, 30), (16, 30)]
R16: [(1, 'MAIZ II'), (2, 183), (3, 173), (4, 229), (6, 'SOJA II'), (7, 30), (8, 30), (9, 30), (10, 30), (11, 30), (12, 30), (13, 30), (14, 30), (15, 30), (16, 30)]
R17: [(1, 'MAIZ T'), (2, 183), (3, 173), (4, 229), (6, 'MAIZ II'), (7, 30), (8, 30), (9, 30), (10, 30), (11, 30), (12, 30), (13, 30), (14, 30), (15, 30), (16, 30)]
R18: [(1, 'AVENA CS'), (2, 213), (3, -60), (4, 61), (6, 'MAIZ T'), (7, 30), (8, 30), (9, 30), (10, 30), (11, 30), (12, 30), (13, 30), (14, 30), (15, 30), (16, 30)]
R19: [(1, 'R. GRASS CS'), (2, 213), (3, -60), (4, 61), (6, 'AVENA CS'), (7, 30), (8, 30), (9, 30), (10, 30), (11, 30), (12, 30), (13, 30), (14, 30), (15, 30), (16, 30)]
R20: [(1, 'VICIA CS'), (2, 213), (3, -77), (4, -16), (6, 'R. GRASS CS'), (7, 30), (8, 30), (9, 30), (10, 30), (11, 30), (12, 30), (13, 30), (14, 30), (15, 30), (16, 30)]
R21: [(1, 'BARBECHO'), (2, 0), (3, 1), (4, 365), (6, 'VICIA CS'), (7, 30), (8, 30), (9, 30), (10, 30), (11, 30), (12, 30), (13, 30), (14, 30), (15, 30), (16, 30)]
R22: [(6, 'BARBECHO'), (7, 30), (8, 30), (9, 30), (10, 30), (11, 30), (12, 30), (13, 30), (14, 30), (15, 30), (16, 30), (17, 30), (18, 30), (19, 30), (20, 0)]
================================================================================
SHEET: History (Ch) (max_row=202, max_column=11)
================================================================================
R1: [(2, 'Crop history of each plot - xh'), (8, 'α')]
R2: [(3, 'CH1'), (4, 'CH2'), (5, 'CH3'), (7, 'L0'), (8, 1.2)]
R3: [(1, 'COLZA'), (2, 'J1'), (3, 0), (4, 0), (5, 0), (7, 'L1'), (8, 1)]
R4: [(1, 'CARINATA'), (2, 'J1'), (3, 0), (4, 0), (5, 0), (7, 'L2'), (8, 0.4)]
R5: [(1, 'AVENA'), (2, 'J1'), (3, 0), (4, 0), (5, 0), (7, 'L3'), (8, 0.1)]
R6: [(1, 'R. GRASS'), (2, 'J1'), (3, 0), (4, 0), (5, 0), (7, 'L4'), (8, 0)]
R7: [(1, 'TRIGO'), (2, 'J1'), (3, 0), (4, 0), (5, 0), (7, 'L5'), (8, 0)]
R8: [(1, 'CAMELINA'), (2, 'J1'), (3, 0), (4, 0), (5, 0)]
R9: [(1, 'CEBADA'), (2, 'J1'), (3, 0), (4, 0), (5, 0)]
R10: [(1, 'CENTENO'), (2, 'J1'), (3, 0), (4, 0), (5, 0)]
R11: [(1, 'ARVEJA'), (2, 'J1'), (3, 0), (4, 0), (5, 0)]
R12: [(1, 'GIRASOL'), (2, 'J1'), (3, 0), (4, 0), (5, 0)]
R13: [(1, 'SORGO'), (2, 'J1'), (3, 0), (4, 0), (5, 0)]
R14: [(1, 'MAIZ'), (2, 'J1'), (3, 0), (4, 1), (5, 0)]
R15: [(1, 'SOJA'), (2, 'J1'), (3, 1), (4, 0), (5, 1)]
R16: [(1, 'SOJA II'), (2, 'J1'), (3, 0), (4, 0), (5, 0)]
R17: [(1, 'MAIZ II'), (2, 'J1'), (3, 0), (4, 0), (5, 0)]
R18: [(1, 'MAIZ T'), (2, 'J1'), (3, 0), (4, 0), (5, 0)]
R19: [(1, 'AVENA CS'), (2, 'J1'), (3, 0), (4, 1), (5, 0)]
R20: [(1, 'R. GRASS CS'), (2, 'J1'), (3, 0), (4, 0), (5, 0)]
R21: [(1, 'VICIA CS'), (2, 'J1'), (3, 0), (4, 0), (5, 1)]
R22: [(1, 'BARBECHO'), (2, 'J1'), (3, 0), (4, 0), (5, 0)]
R23: [(1, 'COLZA'), (2, 'J2'), (3, 0), (4, 0), (5, 0)]
R24: [(1, 'CARINATA'), (2, 'J2'), (3, 0), (4, 0), (5, 0)]
R25: [(1, 'AVENA'), (2, 'J2'), (3, 0), (4, 0), (5, 0)]
R26: [(1, 'R. GRASS'), (2, 'J2'), (3, 0), (4, 0), (5, 0)]
R27: [(1, 'TRIGO'), (2, 'J2'), (3, 1), (4, 0), (5, 0)]
R28: [(1, 'CAMELINA'), (2, 'J2'), (3, 0), (4, 1), (5, 0)]
R29: [(1, 'CEBADA'), (2, 'J2'), (3, 0), (4, 0), (5, 0)]
R30: [(1, 'CENTENO'), (2, 'J2'), (3, 0), (4, 0), (5, 0)]
R31: [(1, 'ARVEJA'), (2, 'J2'), (3, 0), (4, 0), (5, 0)]
R32: [(1, 'GIRASOL'), (2, 'J2'), (3, 0), (4, 0), (5, 0)]
R33: [(1, 'SORGO'), (2, 'J2'), (3, 0), (4, 0), (5, 0)]
R34: [(1, 'MAIZ'), (2, 'J2'), (3, 0), (4, 0), (5, 1)]
R35: [(1, 'SOJA'), (2, 'J2'), (3, 0), (4, 0), (5, 0)]
R36: [(1, 'SOJA II'), (2, 'J2'), (3, 1), (4, 1), (5, 0)]
R37: [(1, 'MAIZ II'), (2, 'J2'), (3, 0), (4, 0), (5, 0)]
R38: [(1, 'MAIZ T'), (2, 'J2'), (3, 0), (4, 0), (5, 0)]
R39: [(1, 'AVENA CS'), (2, 'J2'), (3, 0), (4, 0), (5, 1)]
R40: [(1, 'R. GRASS CS'), (2, 'J2'), (3, 0), (4, 0), (5, 0)]
R41: [(1, 'VICIA CS'), (2, 'J2'), (3, 0), (4, 0), (5, 0)]
R42: [(1, 'BARBECHO'), (2, 'J2'), (3, 0), (4, 0), (5, 0)]
R43: [(1, 'COLZA'), (2, 'J3'), (3, 1), (4, 0), (5, 0)]
R44: [(1, 'CARINATA'), (2, 'J3'), (3, 0), (4, 0), (5, 0)]
R45: [(1, 'AVENA'), (2, 'J3'), (3, 0), (4, 0), (5, 0)]
R46: [(1, 'R. GRASS'), (2, 'J3'), (3, 0), (4, 0), (5, 0)]
R47: [(1, 'TRIGO'), (2, 'J3'), (3, 0), (4, 0), (5, 0)]
R48: [(1, 'CAMELINA'), (2, 'J3'), (3, 0), (4, 0), (5, 0)]
R49: [(1, 'CEBADA'), (2, 'J3'), (3, 0), (4, 0), (5, 0)]
R50: [(1, 'CENTENO'), (2, 'J3'), (3, 0), (4, 0), (5, 0)]
R51: [(1, 'ARVEJA'), (2, 'J3'), (3, 0), (4, 0), (5, 0)]
R52: [(1, 'GIRASOL'), (2, 'J3'), (3, 0), (4, 0), (5, 0)]
R53: [(1, 'SORGO'), (2, 'J3'), (3, 0), (4, 0), (5, 0)]
R54: [(1, 'MAIZ'), (2, 'J3'), (3, 0), (4, 0), (5, 0)]
R55: [(1, 'SOJA'), (2, 'J3'), (3, 0), (4, 1), (5, 1)]
R56: [(1, 'SOJA II'), (2, 'J3'), (3, 1), (4, 0), (5, 0)]
R57: [(1, 'MAIZ II'), (2, 'J3'), (3, 0), (4, 0), (5, 0)]
R58: [(1, 'MAIZ T'), (2, 'J3'), (3, 0), (4, 0), (5, 0)]
R59: [(1, 'AVENA CS'), (2, 'J3'), (3, 0), (4, 0), (5, 0)]
R60: [(1, 'R. GRASS CS'), (2, 'J3'), (3, 0), (4, 0), (5, 0)]
R61: [(1, 'VICIA CS'), (2, 'J3'), (3, 0), (4, 0), (5, 0)]
R62: [(1, 'BARBECHO'), (2, 'J3'), (3, 0), (4, 0), (5, 0)]
R63: [(1, 'COLZA'), (2, 'J4'), (3, 0), (4, 0), (5, 0)]
R64: [(1, 'CARINATA'), (2, 'J4'), (3, 0), (4, 0), (5, 0)]
R65: [(1, 'AVENA'), (2, 'J4'), (3, 0), (4, 0), (5, 0)]
R66: [(1, 'R. GRASS'), (2, 'J4'), (3, 0), (4, 0), (5, 0)]
R67: [(1, 'TRIGO'), (2, 'J4'), (3, 0), (4, 0), (5, 1)]
R68: [(1, 'CAMELINA'), (2, 'J4'), (3, 0), (4, 0), (5, 0)]
R69: [(1, 'CEBADA'), (2, 'J4'), (3, 0), (4, 0), (5, 0)]
R70: [(1, 'CENTENO'), (2, 'J4'), (3, 0), (4, 0), (5, 0)]
R71: [(1, 'ARVEJA'), (2, 'J4'), (3, 0), (4, 0), (5, 0)]
R72: [(1, 'GIRASOL'), (2, 'J4'), (3, 0), (4, 0), (5, 0)]
R73: [(1, 'SORGO'), (2, 'J4'), (3, 0), (4, 0), (5, 0)]
R74: [(1, 'MAIZ'), (2, 'J4'), (3, 0), (4, 1), (5, 0)]
R75: [(1, 'SOJA'), (2, 'J4'), (3, 1), (4, 0), (5, 0)]
R76: [(1, 'SOJA II'), (2, 'J4'), (3, 0), (4, 0), (5, 1)]
R77: [(1, 'MAIZ II'), (2, 'J4'), (3, 0), (4, 0), (5, 0)]
R78: [(1, 'MAIZ T'), (2, 'J4'), (3, 0), (4, 0), (5, 0)]
R79: [(1, 'AVENA CS'), (2, 'J4'), (3, 1), (4, 1), (5, 0)]
R80: [(1, 'R. GRASS CS'), (2, 'J4'), (3, 0), (4, 0), (5, 0)]
R81: [(1, 'VICIA CS'), (2, 'J4'), (3, 0), (4, 0), (5, 0)]
R82: [(1, 'BARBECHO'), (2, 'J4'), (3, 0), (4, 0), (5, 0)]
R83: [(1, 'COLZA'), (2, 'J5'), (3, 0), (4, 0), (5, 0)]
R84: [(1, 'CARINATA'), (2, 'J5'), (3, 0), (4, 0), (5, 0)]
R85: [(1, 'AVENA'), (2, 'J5'), (3, 0), (4, 0), (5, 0)]
R86: [(1, 'R. GRASS'), (2, 'J5'), (3, 0), (4, 0), (5, 0)]
R87: [(1, 'TRIGO'), (2, 'J5'), (3, 0), (4, 0), (5, 0)]
R88: [(1, 'CAMELINA'), (2, 'J5'), (3, 1), (4, 0), (5, 0)]
R89: [(1, 'CEBADA'), (2, 'J5'), (3, 0), (4, 0), (5, 0)]
R90: [(1, 'CENTENO'), (2, 'J5'), (3, 0), (4, 0), (5, 0)]
R91: [(1, 'ARVEJA'), (2, 'J5'), (3, 0), (4, 0), (5, 0)]
R92: [(1, 'GIRASOL'), (2, 'J5'), (3, 0), (4, 0), (5, 0)]
R93: [(1, 'SORGO'), (2, 'J5'), (3, 0), (4, 1), (5, 0)]
R94: [(1, 'MAIZ'), (2, 'J5'), (3, 0), (4, 0), (5, 1)]
R95: [(1, 'SOJA'), (2, 'J5'), (3, 0), (4, 0), (5, 0)]
R96: [(1, 'SOJA II'), (2, 'J5'), (3, 1), (4, 0), (5, 0)]
R97: [(1, 'MAIZ II'), (2, 'J5'), (3, 0), (4, 0), (5, 0)]
R98: [(1, 'MAIZ T'), (2, 'J5'), (3, 0), (4, 0), (5, 0)]
R99: [(1, 'AVENA CS'), (2, 'J5'), (3, 0), (4, 0), (5, 0)]
R100: [(1, 'R. GRASS CS'), (2, 'J5'), (3, 0), (4, 0), (5, 0)]
R101: [(1, 'VICIA CS'), (2, 'J5'), (3, 0), (4, 0), (5, 0)]
R102: [(1, 'BARBECHO'), (2, 'J5'), (3, 0), (4, 0), (5, 0)]
R103: [(1, 'COLZA'), (2, 'J6'), (3, 0), (4, 0), (5, 0)]
R104: [(1, 'CARINATA'), (2, 'J6'), (3, 0), (4, 0), (5, 0)]
R105: [(1, 'AVENA'), (2, 'J6'), (3, 0), (4, 0), (5, 0)]
R106: [(1, 'R. GRASS'), (2, 'J6'), (3, 0), (4, 1), (5, 0)]
R107: [(1, 'TRIGO'), (2, 'J6'), (3, 0), (4, 0), (5, 0)]
R108: [(1, 'CAMELINA'), (2, 'J6'), (3, 1), (4, 0), (5, 0)]
R109: [(1, 'CEBADA'), (2, 'J6'), (3, 0), (4, 0), (5, 0)]
R110: [(1, 'CENTENO'), (2, 'J6'), (3, 0), (4, 0), (5, 0)]
R111: [(1, 'ARVEJA'), (2, 'J6'), (3, 0), (4, 0), (5, 0)]
R112: [(1, 'GIRASOL'), (2, 'J6'), (3, 0), (4, 0), (5, 0)]
R113: [(1, 'SORGO'), (2, 'J6'), (3, 0), (4, 0), (5, 0)]
R114: [(1, 'MAIZ'), (2, 'J6'), (3, 0), (4, 0), (5, 0)]
R115: [(1, 'SOJA'), (2, 'J6'), (3, 0), (4, 0), (5, 1)]
R116: [(1, 'SOJA II'), (2, 'J6'), (3, 1), (4, 1), (5, 0)]
R117: [(1, 'MAIZ II'), (2, 'J6'), (3, 0), (4, 0), (5, 0)]
R118: [(1, 'MAIZ T'), (2, 'J6'), (3, 0), (4, 0), (5, 0)]
R119: [(1, 'AVENA CS'), (2, 'J6'), (3, 0), (4, 0), (5, 0)]
R120: [(1, 'R. GRASS CS'), (2, 'J6'), (3, 0), (4, 0), (5, 0)]
R121: [(1, 'VICIA CS'), (2, 'J6'), (3, 0), (4, 0), (5, 0)]
R122: [(1, 'BARBECHO'), (2, 'J6'), (3, 0), (4, 0), (5, 0)]
R123: [(1, 'COLZA'), (2, 'J7'), (3, 0), (4, 0), (5, 0)]
R124: [(1, 'CARINATA'), (2, 'J7'), (3, 0), (4, 0), (5, 0)]
R125: [(1, 'AVENA'), (2, 'J7'), (3, 0), (4, 0), (5, 0)]
R126: [(1, 'R. GRASS'), (2, 'J7'), (3, 0), (4, 1), (5, 0)]
R127: [(1, 'TRIGO'), (2, 'J7'), (3, 0), (4, 0), (5, 1)]
R128: [(1, 'CAMELINA'), (2, 'J7'), (3, 0), (4, 0), (5, 0)]
R129: [(1, 'CEBADA'), (2, 'J7'), (3, 0), (4, 0), (5, 0)]
R130: [(1, 'CENTENO'), (2, 'J7'), (3, 0), (4, 0), (5, 0)]
R131: [(1, 'ARVEJA'), (2, 'J7'), (3, 0), (4, 0), (5, 0)]
R132: [(1, 'GIRASOL'), (2, 'J7'), (3, 0), (4, 0), (5, 0)]
R133: [(1, 'SORGO'), (2, 'J7'), (3, 0), (4, 0), (5, 0)]
R134: [(1, 'MAIZ'), (2, 'J7'), (3, 1), (4, 0), (5, 0)]
R135: [(1, 'SOJA'), (2, 'J7'), (3, 0), (4, 0), (5, 0)]
R136: [(1, 'SOJA II'), (2, 'J7'), (3, 0), (4, 1), (5, 1)]
R137: [(1, 'MAIZ II'), (2, 'J7'), (3, 0), (4, 0), (5, 0)]
R138: [(1, 'MAIZ T'), (2, 'J7'), (3, 0), (4, 0), (5, 0)]
R139: [(1, 'AVENA CS'), (2, 'J7'), (3, 0), (4, 0), (5, 0)]
R140: [(1, 'R. GRASS CS'), (2, 'J7'), (3, 0), (4, 0), (5, 0)]
R141: [(1, 'VICIA CS'), (2, 'J7'), (3, 0), (4, 0), (5, 0)]
R142: [(1, 'BARBECHO'), (2, 'J7'), (3, 0), (4, 0), (5, 0)]
R143: [(1, 'COLZA'), (2, 'J8'), (3, 0), (4, 0), (5, 0)]
R144: [(1, 'CARINATA'), (2, 'J8'), (3, 0), (4, 0), (5, 0)]
R145: [(1, 'AVENA'), (2, 'J8'), (3, 0), (4, 0), (5, 0)]
R146: [(1, 'R. GRASS'), (2, 'J8'), (3, 0), (4, 0), (5, 0)]
R147: [(1, 'TRIGO'), (2, 'J8'), (3, 0), (4, 0), (5, 1)]
R148: [(1, 'CAMELINA'), (2, 'J8'), (3, 0), (4, 0), (5, 0)]
R149: [(1, 'CEBADA'), (2, 'J8'), (3, 0), (4, 0), (5, 0)]
R150: [(1, 'CENTENO'), (2, 'J8'), (3, 0), (4, 0), (5, 0)]
R151: [(1, 'ARVEJA'), (2, 'J8'), (3, 0), (4, 0), (5, 0)]
R152: [(1, 'GIRASOL'), (2, 'J8'), (3, 0), (4, 0), (5, 0)]
R153: [(1, 'SORGO'), (2, 'J8'), (3, 0), (4, 0), (5, 0)]
R154: [(1, 'MAIZ'), (2, 'J8'), (3, 1), (4, 0), (5, 0)]
R155: [(1, 'SOJA'), (2, 'J8'), (3, 0), (4, 1), (5, 0)]
R156: [(1, 'SOJA II'), (2, 'J8'), (3, 0), (4, 0), (5, 1)]
R157: [(1, 'MAIZ II'), (2, 'J8'), (3, 0), (4, 0), (5, 0)]
R158: [(1, 'MAIZ T'), (2, 'J8'), (3, 0), (4, 0), (5, 0)]
R159: [(1, 'AVENA CS'), (2, 'J8'), (3, 0), (4, 0), (5, 0)]
R160: [(1, 'R. GRASS CS'), (2, 'J8'), (3, 0), (4, 0), (5, 0)]
R161: [(1, 'VICIA CS'), (2, 'J8'), (3, 0), (4, 0), (5, 0)]
R162: [(1, 'BARBECHO'), (2, 'J8'), (3, 0), (4, 0), (5, 0)]
R163: [(1, 'COLZA'), (2, 'J9'), (3, 0), (4, 0), (5, 0)]
R164: [(1, 'CARINATA'), (2, 'J9'), (3, 0), (4, 0), (5, 0)]
R165: [(1, 'AVENA'), (2, 'J9'), (3, 0), (4, 0), (5, 0)]
R166: [(1, 'R. GRASS'), (2, 'J9'), (3, 0), (4, 0), (5, 0)]
R167: [(1, 'TRIGO'), (2, 'J9'), (3, 0), (4, 0), (5, 1)]
R168: [(1, 'CAMELINA'), (2, 'J9'), (3, 0), (4, 0), (5, 0)]
R169: [(1, 'CEBADA'), (2, 'J9'), (3, 0), (4, 0), (5, 0)]
R170: [(1, 'CENTENO'), (2, 'J9'), (3, 0), (4, 0), (5, 0)]
R171: [(1, 'ARVEJA'), (2, 'J9'), (3, 0), (4, 0), (5, 0)]
R172: [(1, 'GIRASOL'), (2, 'J9'), (3, 0), (4, 0), (5, 0)]
R173: [(1, 'SORGO'), (2, 'J9'), (3, 0), (4, 0), (5, 0)]
R174: [(1, 'MAIZ'), (2, 'J9'), (3, 1), (4, 0), (5, 0)]
R175: [(1, 'SOJA'), (2, 'J9'), (3, 0), (4, 1), (5, 0)]
R176: [(1, 'SOJA II'), (2, 'J9'), (3, 0), (4, 0), (5, 1)]
R177: [(1, 'MAIZ II'), (2, 'J9'), (3, 0), (4, 0), (5, 0)]
R178: [(1, 'MAIZ T'), (2, 'J9'), (3, 0), (4, 0), (5, 0)]
R179: [(1, 'AVENA CS'), (2, 'J9'), (3, 0), (4, 0), (5, 0)]
R180: [(1, 'R. GRASS CS'), (2, 'J9'), (3, 0), (4, 0), (5, 0)]
R181: [(1, 'VICIA CS'), (2, 'J9'), (3, 0), (4, 0), (5, 0)]
R182: [(1, 'BARBECHO'), (2, 'J9'), (3, 0), (4, 0), (5, 0)]
R183: [(1, 'COLZA'), (2, 'J10'), (3, 0), (4, 0), (5, 0)]
R184: [(1, 'CARINATA'), (2, 'J10'), (3, 0), (4, 0), (5, 0)]
R185: [(1, 'AVENA'), (2, 'J10'), (3, 0), (4, 0), (5, 0)]
R186: [(1, 'R. GRASS'), (2, 'J10'), (3, 0), (4, 0), (5, 0)]
R187: [(1, 'TRIGO'), (2, 'J10'), (3, 0), (4, 0), (5, 0)]
R188: [(1, 'CAMELINA'), (2, 'J10'), (3, 0), (4, 0), (5, 0)]
R189: [(1, 'CEBADA'), (2, 'J10'), (3, 0), (4, 0), (5, 0)]
R190: [(1, 'CENTENO'), (2, 'J10'), (3, 0), (4, 0), (5, 0)]
R191: [(1, 'ARVEJA'), (2, 'J10'), (3, 0), (4, 0), (5, 0)]
R192: [(1, 'GIRASOL'), (2, 'J10'), (3, 0), (4, 0), (5, 0)]
R193: [(1, 'SORGO'), (2, 'J10'), (3, 0), (4, 0), (5, 0)]
R194: [(1, 'MAIZ'), (2, 'J10'), (3, 0), (4, 0), (5, 1)]
R195: [(1, 'SOJA'), (2, 'J10'), (3, 1), (4, 1), (5, 0)]
R196: [(1, 'SOJA II'), (2, 'J10'), (3, 0), (4, 0), (5, 0)]
R197: [(1, 'MAIZ II'), (2, 'J10'), (3, 0), (4, 0), (5, 0)]
R198: [(1, 'MAIZ T'), (2, 'J10'), (3, 0), (4, 0), (5, 0)]
R199: [(1, 'AVENA CS'), (2, 'J10'), (3, 0), (4, 0), (5, 0)]
R200: [(1, 'R. GRASS CS'), (2, 'J10'), (3, 0), (4, 0), (5, 0)]
R201: [(1, 'VICIA CS'), (2, 'J10'), (3, 0), (4, 0), (5, 0)]
R202: [(1, 'BARBECHO'), (2, 'J10'), (3, 0), (4, 0), (5, 0)]
================================================================================
SHEET: Yields (max_row=26, max_column=21)
================================================================================
R1: [(1, 'yield_max (ton/ha) - Bolsa de comercio de Entre Ríos publica rendimientos promedio por departamento')]
R2: [(2, 'COLZA'), (3, 'CARINATA'), (4, 'AVENA'), (5, 'R. GRASS'), (6, 'TRIGO'), (7, 'CAMELINA'), (8, 'CEBADA'), (9, 'CENTENO'), (10, 'ARVEJA'), (11, 'GIRASOL'), (12, 'SORGO'), (13, 'MAIZ'), (14, 'SOJA'), (15, 'SOJA II'), (16, 'MAIZ II')]
R3: [(1, 'S1'), (2, 2.75), (3, 2.64), (4, 2.4200000000000004), (5, 1.32), (6, 4.598), (7, 0.7260000000000001), (8, 3.3), (9, 2.4200000000000004), (10, 3.1), (11, 2.7), (12, 4.07), (13, 6.93), (14, 3.0250000000000004), (15, 2.4200000000000004)]
R4: [(1, 'S2'), (2, 2.5), (3, 2.4), (4, 2.2), (5, 1.2), (6, 4.18), (7, 0.66), (8, 3), (9, 2.2), (10, 2.8), (11, 0), (12, 3.7), (13, 6.3), (14, 2.75), (15, 2.2)]
R5: [(1, 'S3'), (2, 1.6), (3, 1.6), (4, 2), (5, 1.08), (6, 3.8), (7, 0.6), (8, 0), (9, 0), (10, 0), (11, 0), (12, 5), (13, 6.5), (14, 2.5), (15, 2)]
================================================================================
SHEET: Rotations(red) (max_row=22, max_column=21)
================================================================================
R1: [(2, 'CULTIVO PREDECESOR')]
R2: [(2, 'COLZA'), (3, 'CARINATA'), (4, 'AVENA'), (5, 'R. GRASS'), (6, 'TRIGO'), (7, 'CAMELINA'), (8, 'CEBADA'), (9, 'CENTENO'), (10, 'ARVEJA'), (11, 'GIRASOL'), (12, 'SORGO'), (13, 'MAIZ'), (14, 'SOJA'), (15, 'SOJA II'), (16, 'MAIZ II')]
R3: [(1, 'COLZA'), (2, -0.15), (3, -0.15), (4, 0), (5, 0), (6, 0), (7, 0), (8, 0), (9, 0), (10, 0), (11, 0), (12, 0), (13, 0.1), (14, 0), (15, 0)]
R4: [(1, 'CARINATA'), (2, -0.15), (3, -0.15), (4, 0), (5, 0), (6, 0), (7, 0), (8, 0), (9, 0), (10, 0), (11, 0), (12, 0), (13, 0.1), (14, 0), (15, 0)]
R5: [(1, 'AVENA'), (2, 0), (3, 0), (4, -0.1), (5, 0), (6, 0), (7, 0), (8, 0), (9, 0), (10, 0), (11, 0), (12, 0), (13, 0.05), (14, 0.05), (15, 0)]
R6: [(1, 'R. GRASS'), (2, 0), (3, 0), (4, 0), (5, -0.1), (6, 0), (7, 0), (8, 0), (9, 0), (10, 0), (11, 0), (12, 0), (13, 0), (14, 0), (15, 0)]
R7: [(1, 'TRIGO'), (2, 0), (3, 0), (4, 0), (5, 0), (6, -0.15), (7, 0), (8, 0), (9, 0), (10, 0), (11, 0), (12, 0), (13, 0.05), (14, 0.05), (15, 0)]
R8: [(1, 'CAMELINA'), (2, 0), (3, 0), (4, 0), (5, 0), (6, 0), (7, 0), (8, 0), (9, 0), (10, 0), (11, 0), (12, 0), (13, 0.05), (14, 0), (15, 0)]
R9: [(1, 'CEBADA'), (2, 0), (3, 0), (4, 0), (5, 0), (6, 0), (7, 0), (8, -0.1), (9, 0), (10, 0), (11, 0), (12, 0), (13, 0.05), (14, 0.05), (15, 0)]
R10: [(1, 'CENTENO'), (2, 0), (3, 0), (4, 0), (5, 0), (6, 0), (7, 0), (8, 0), (9, -0.1), (10, 0), (11, 0), (12, 0), (13, 0.05), (14, 0.05), (15, 0)]
R11: [(1, 'ARVEJA'), (2, 0), (3, 0), (4, 0), (5, 0), (6, 0), (7, 0), (8, 0), (9, 0), (10, -0.1), (11, 0), (12, 0), (13, 0.05), (14, 0), (15, 0)]
R12: [(1, 'GIRASOL'), (2, 0), (3, 0), (4, 0), (5, 0), (6, 0), (7, 0), (8, 0), (9, 0), (10, 0), (11, 0), (12, 0), (13, 0.1), (14, 0), (15, 0)]
R13: [(1, 'SORGO'), (2, 0), (3, 0), (4, -0.05), (5, -0.05), (6, -0.05), (7, 0), (8, -0.05), (9, -0.05), (10, 0), (11, 0), (12, 0), (13, -0.05), (14, 0.05), (15, 0)]
R14: [(1, 'MAIZ'), (2, 0), (3, 0), (4, 0), (5, 0), (6, 0), (7, 0), (8, 0), (9, 0), (10, 0), (11, 0), (12, 0), (13, 0), (14, 0.05), (15, 0)]
R15: [(1, 'SOJA'), (2, 0), (3, 0), (4, 0), (5, 0), (6, 0), (7, 0), (8, 0), (9, 0), (10, 0), (11, 0), (12, 0), (13, 0.1), (14, -0.05), (15, -0.05)]
R16: [(1, 'SOJA II'), (2, 0.05), (3, 0.05), (4, 0.05), (5, 0.05), (6, 0.05), (7, 0.05), (8, 0.05), (9, 0.05), (10, 0.05), (11, 0), (12, 0), (13, 0), (14, 0), (15, 0)]
R17: [(1, 'MAIZ II'), (2, 0.05), (3, 0.05), (4, -0.05), (5, -0.05), (6, -0.05), (7, 0.05), (8, -0.05), (9, -0.05), (10, 0.15), (11, 0), (12, 0), (13, 0), (14, 0), (15, 0)]
R18: [(1, 'MAIZ T'), (2, 0), (3, 0), (4, 0), (5, 0), (6, 0), (7, 0), (8, 0), (9, 0), (10, 0), (11, 0), (12, 0), (13, 0), (14, 0.05), (15, 0.05)]
R19: [(1, 'AVENA CS'), (2, 0), (3, 0), (4, 0), (5, 0), (6, 0), (7, 0), (8, 0), (9, 0), (10, 0), (11, 0), (12, 0), (13, 0), (14, 0), (15, 0)]
R20: [(1, 'R. GRASS CS'), (2, 0), (3, 0), (4, 0), (5, 0), (6, 0), (7, 0), (8, 0), (9, 0), (10, 0), (11, 0), (12, 0), (13, 0), (14, 0), (15, 0)]
R21: [(1, 'VICIA CS'), (2, 0), (3, 0), (4, 0), (5, 0), (6, 0), (7, 0), (8, 0), (9, 0), (10, 0), (11, 0), (12, 0), (13, 0), (14, 0), (15, 0)]
R22: [(1, 'BARBECHO'), (2, 0), (3, 0), (4, 0), (5, 0), (6, 0), (7, 0), (8, 0), (9, 0), (10, 0), (11, 0), (12, 0), (13, 0), (14, 0), (15, 0)]
================================================================================
SHEET: Fechas (max_row=365, max_column=13)
================================================================================
R1: [(1, datetime.datetime(2026, 6, 1, 0, 0)), (2, 1), (4, 'Intervenciones'), (5, 'Ventana de siembra'), (6, 'Tiempo siembra-cosecha [meses]'), (8, 'Intervenciones'), (9, 'Ventana de siembra'), (13, 'Tiempo siembra-cosecha [meses]')]
R2: [(1, datetime.datetime(2026, 6, 2, 0, 0)), (2, 2), (4, 'COLZA'), (5, 'abr - may'), (6, 7), (9, 'st_start (fecha)'), (10, 'st_start (num)'), (11, 'st_end (fecha)'), (12, 'st_end (num)')]
R3: [(1, datetime.datetime(2026, 6, 3, 0, 0)), (2, 3), (4, 'CARINATA'), (5, 'abr - may'), (6, 7), (8, 'COLZA'), (9, datetime.datetime(2026, 4, 1, 0, 0)), (10, -60), (11, datetime.datetime(2026, 5, 31, 0, 0)), (12, 0), (13, 212.91666666666669)]
R4: [(1, datetime.datetime(2026, 6, 4, 0, 0)), (2, 4), (4, 'AVENA'), (5, 'May - jun'), (6, 6), (8, 'CARINATA'), (9, datetime.datetime(2026, 4, 1, 0, 0)), (10, -60), (11, datetime.datetime(2026, 5, 31, 0, 0)), (12, 0), (13, 212.91666666666669)]
R5: [(1, datetime.datetime(2026, 6, 5, 0, 0)), (2, 5), (4, 'R. GRASS'), (5, 'Abr - Jun'), (6, 6), (8, 'AVENA'), (9, datetime.datetime(2026, 5, 1, 0, 0)), (10, -30), (11, datetime.datetime(2026, 6, 30, 0, 0)), (12, 30), (13, 182.5)]
R6: [(1, datetime.datetime(2026, 6, 6, 0, 0)), (2, 6), (4, 'TRIGO'), (5, 'may - jul'), (6, 6), (8, 'R. GRASS'), (9, datetime.datetime(2026, 4, 1, 0, 0)), (10, -60), (11, datetime.datetime(2026, 6, 30, 0, 0)), (12, 30), (13, 182.5)]
R7: [(1, datetime.datetime(2026, 6, 7, 0, 0)), (2, 7), (4, 'CAMELINA'), (5, 'may - jun'), (6, 4), (8, 'TRIGO'), (9, datetime.datetime(2026, 5, 1, 0, 0)), (10, -30), (11, datetime.datetime(2026, 7, 15, 0, 0)), (12, 45), (13, 182.5)]
R8: [(1, datetime.datetime(2026, 6, 8, 0, 0)), (2, 8), (4, 'CEBADA'), (5, 'jun - ago'), (6, 5), (8, 'CAMELINA'), (9, datetime.datetime(2026, 5, 1, 0, 0)), (10, -30), (11, datetime.datetime(2026, 6, 30, 0, 0)), (12, 30), (13, 121.66666666666667)]
R9: [(1, datetime.datetime(2026, 6, 9, 0, 0)), (2, 9), (4, 'CENTENO'), (5, 'jun, jul'), (6, 5), (8, 'CEBADA'), (9, datetime.datetime(2026, 6, 1, 0, 0)), (10, 1), (11, datetime.datetime(2026, 7, 31, 0, 0)), (12, 61), (13, 152.08333333333334)]
R10: [(1, datetime.datetime(2026, 6, 10, 0, 0)), (2, 10), (4, 'ARVEJA'), (5, 'jun -ago'), (6, 5), (8, 'CENTENO'), (9, datetime.datetime(2026, 6, 1, 0, 0)), (10, 1), (11, datetime.datetime(2026, 7, 31, 0, 0)), (12, 61), (13, 152.08333333333334)]
R11: [(1, datetime.datetime(2026, 6, 11, 0, 0)), (2, 11), (4, 'GIRASOL'), (5, 'sep -nov'), (6, 6), (8, 'ARVEJA'), (9, datetime.datetime(2026, 6, 1, 0, 0)), (10, 1), (11, datetime.datetime(2026, 8, 31, 0, 0)), (12, 92), (13, 152.08333333333334)]
R12: [(1, datetime.datetime(2026, 6, 12, 0, 0)), (2, 12), (4, 'SORGO'), (5, 'sep - oct'), (6, 6), (8, 'GIRASOL'), (9, datetime.datetime(2026, 8, 10, 0, 0)), (10, 71), (11, datetime.datetime(2026, 9, 30, 0, 0)), (12, 122), (13, 182.5)]
R13: [(1, datetime.datetime(2026, 6, 13, 0, 0)), (2, 13), (4, 'MAIZ'), (5, 'sep - oct'), (6, 6), (8, 'SORGO'), (9, datetime.datetime(2026, 9, 15, 0, 0)), (10, 107), (11, datetime.datetime(2026, 11, 15, 0, 0)), (12, 168), (13, 182.5)]
R14: [(1, datetime.datetime(2026, 6, 14, 0, 0)), (2, 14), (4, 'SOJA'), (5, 'oct - nov - dic - ene'), (6, 5), (8, 'MAIZ'), (9, datetime.datetime(2026, 8, 15, 0, 0)), (10, 76), (11, datetime.datetime(2026, 9, 15, 0, 0)), (12, 107), (13, 182.5)]
R15: [(1, datetime.datetime(2026, 6, 15, 0, 0)), (2, 15), (4, 'SOJA II'), (5, 'nov - dic'), (6, 5), (8, 'SOJA'), (9, datetime.datetime(2026, 10, 10, 0, 0)), (10, 132), (11, datetime.datetime(2026, 11, 30, 0, 0)), (12, 183), (13, 152.08333333333334)]
R16: [(1, datetime.datetime(2026, 6, 16, 0, 0)), (2, 16), (4, 'MAIZ II'), (5, 'nov - dic'), (6, 6), (8, 'SOJA II'), (9, datetime.datetime(2026, 11, 20, 0, 0)), (10, 173), (11, datetime.datetime(2027, 1, 15, 0, 0)), (12, 229), (13, 152.08333333333334)]
R17: [(1, datetime.datetime(2026, 6, 17, 0, 0)), (2, 17), (4, 'MAIZ T'), (5, 'oct -  nov'), (6, 6), (8, 'MAIZ II'), (9, datetime.datetime(2026, 11, 20, 0, 0)), (10, 173), (11, datetime.datetime(2027, 1, 15, 0, 0)), (12, 229), (13, 182.5)]
R18: [(1, datetime.datetime(2026, 6, 18, 0, 0)), (2, 18), (4, 'AVENA'), (5, 'Feb - jun'), (6, 7), (8, 'MAIZ T'), (9, datetime.datetime(2026, 11, 20, 0, 0)), (10, 173), (11, datetime.datetime(2027, 1, 15, 0, 0)), (12, 229), (13, 182.5)]
R19: [(1, datetime.datetime(2026, 6, 19, 0, 0)), (2, 19), (4, 'R. GRASS'), (5, 'mar - Jun'), (6, 7), (8, 'AVENA CS'), (9, datetime.datetime(2026, 4, 1, 0, 0)), (10, -60), (11, datetime.datetime(2026, 7, 31, 0, 0)), (12, 61), (13, 212.91666666666669)]
R20: [(1, datetime.datetime(2026, 6, 20, 0, 0)), (2, 20), (4, 'VICIA CS'), (5, 'mar - Jun'), (6, 7), (8, 'R. GRASS CS'), (9, datetime.datetime(2026, 4, 1, 0, 0)), (10, -60), (11, datetime.datetime(2026, 7, 31, 0, 0)), (12, 61), (13, 212.91666666666669)]
R21: [(1, datetime.datetime(2026, 6, 21, 0, 0)), (2, 21), (8, 'VICIA CS'), (9, datetime.datetime(2026, 3, 15, 0, 0)), (10, -77), (11, datetime.datetime(2026, 5, 15, 0, 0)), (12, -16), (13, 212.91666666666669)]
R22: [(1, datetime.datetime(2026, 6, 22, 0, 0)), (2, 22)]
R23: [(1, datetime.datetime(2026, 6, 23, 0, 0)), (2, 23)]
R24: [(1, datetime.datetime(2026, 6, 24, 0, 0)), (2, 24)]
R25: [(1, datetime.datetime(2026, 6, 25, 0, 0)), (2, 25)]
R26: [(1, datetime.datetime(2026, 6, 26, 0, 0)), (2, 26)]
R27: [(1, datetime.datetime(2026, 6, 27, 0, 0)), (2, 27)]
R28: [(1, datetime.datetime(2026, 6, 28, 0, 0)), (2, 28)]
R29: [(1, datetime.datetime(2026, 6, 29, 0, 0)), (2, 29)]
R30: [(1, datetime.datetime(2026, 6, 30, 0, 0)), (2, 30)]
R31: [(1, datetime.datetime(2026, 7, 1, 0, 0)), (2, 31)]
R32: [(1, datetime.datetime(2026, 7, 2, 0, 0)), (2, 32)]
R33: [(1, datetime.datetime(2026, 7, 3, 0, 0)), (2, 33)]
R34: [(1, datetime.datetime(2026, 7, 4, 0, 0)), (2, 34)]
R35: [(1, datetime.datetime(2026, 7, 5, 0, 0)), (2, 35)]
R36: [(1, datetime.datetime(2026, 7, 6, 0, 0)), (2, 36)]
R37: [(1, datetime.datetime(2026, 7, 7, 0, 0)), (2, 37)]
R38: [(1, datetime.datetime(2026, 7, 8, 0, 0)), (2, 38)]
R39: [(1, datetime.datetime(2026, 7, 9, 0, 0)), (2, 39)]
R40: [(1, datetime.datetime(2026, 7, 10, 0, 0)), (2, 40)]
R41: [(1, datetime.datetime(2026, 7, 11, 0, 0)), (2, 41)]
R42: [(1, datetime.datetime(2026, 7, 12, 0, 0)), (2, 42)]
R43: [(1, datetime.datetime(2026, 7, 13, 0, 0)), (2, 43)]
R44: [(1, datetime.datetime(2026, 7, 14, 0, 0)), (2, 44)]
R45: [(1, datetime.datetime(2026, 7, 15, 0, 0)), (2, 45)]
R46: [(1, datetime.datetime(2026, 7, 16, 0, 0)), (2, 46)]
R47: [(1, datetime.datetime(2026, 7, 17, 0, 0)), (2, 47)]
R48: [(1, datetime.datetime(2026, 7, 18, 0, 0)), (2, 48)]
R49: [(1, datetime.datetime(2026, 7, 19, 0, 0)), (2, 49)]
R50: [(1, datetime.datetime(2026, 7, 20, 0, 0)), (2, 50)]
R51: [(1, datetime.datetime(2026, 7, 21, 0, 0)), (2, 51)]
R52: [(1, datetime.datetime(2026, 7, 22, 0, 0)), (2, 52)]
R53: [(1, datetime.datetime(2026, 7, 23, 0, 0)), (2, 53)]
R54: [(1, datetime.datetime(2026, 7, 24, 0, 0)), (2, 54)]
R55: [(1, datetime.datetime(2026, 7, 25, 0, 0)), (2, 55)]
R56: [(1, datetime.datetime(2026, 7, 26, 0, 0)), (2, 56)]
R57: [(1, datetime.datetime(2026, 7, 27, 0, 0)), (2, 57)]
R58: [(1, datetime.datetime(2026, 7, 28, 0, 0)), (2, 58)]
R59: [(1, datetime.datetime(2026, 7, 29, 0, 0)), (2, 59)]
R60: [(1, datetime.datetime(2026, 7, 30, 0, 0)), (2, 60)]
R61: [(1, datetime.datetime(2026, 7, 31, 0, 0)), (2, 61)]
R62: [(1, datetime.datetime(2026, 8, 1, 0, 0)), (2, 62)]
R63: [(1, datetime.datetime(2026, 8, 2, 0, 0)), (2, 63)]
R64: [(1, datetime.datetime(2026, 8, 3, 0, 0)), (2, 64)]
R65: [(1, datetime.datetime(2026, 8, 4, 0, 0)), (2, 65)]
R66: [(1, datetime.datetime(2026, 8, 5, 0, 0)), (2, 66)]
R67: [(1, datetime.datetime(2026, 8, 6, 0, 0)), (2, 67)]
R68: [(1, datetime.datetime(2026, 8, 7, 0, 0)), (2, 68)]
R69: [(1, datetime.datetime(2026, 8, 8, 0, 0)), (2, 69)]
R70: [(1, datetime.datetime(2026, 8, 9, 0, 0)), (2, 70)]
R71: [(1, datetime.datetime(2026, 8, 10, 0, 0)), (2, 71)]
R72: [(1, datetime.datetime(2026, 8, 11, 0, 0)), (2, 72)]
R73: [(1, datetime.datetime(2026, 8, 12, 0, 0)), (2, 73)]
R74: [(1, datetime.datetime(2026, 8, 13, 0, 0)), (2, 74)]
R75: [(1, datetime.datetime(2026, 8, 14, 0, 0)), (2, 75)]
R76: [(1, datetime.datetime(2026, 8, 15, 0, 0)), (2, 76)]
R77: [(1, datetime.datetime(2026, 8, 16, 0, 0)), (2, 77)]
R78: [(1, datetime.datetime(2026, 8, 17, 0, 0)), (2, 78)]
R79: [(1, datetime.datetime(2026, 8, 18, 0, 0)), (2, 79)]
R80: [(1, datetime.datetime(2026, 8, 19, 0, 0)), (2, 80)]
R81: [(1, datetime.datetime(2026, 8, 20, 0, 0)), (2, 81)]
R82: [(1, datetime.datetime(2026, 8, 21, 0, 0)), (2, 82)]
R83: [(1, datetime.datetime(2026, 8, 22, 0, 0)), (2, 83)]
R84: [(1, datetime.datetime(2026, 8, 23, 0, 0)), (2, 84)]
R85: [(1, datetime.datetime(2026, 8, 24, 0, 0)), (2, 85)]
R86: [(1, datetime.datetime(2026, 8, 25, 0, 0)), (2, 86)]
R87: [(1, datetime.datetime(2026, 8, 26, 0, 0)), (2, 87)]
R88: [(1, datetime.datetime(2026, 8, 27, 0, 0)), (2, 88)]
R89: [(1, datetime.datetime(2026, 8, 28, 0, 0)), (2, 89)]
R90: [(1, datetime.datetime(2026, 8, 29, 0, 0)), (2, 90)]
R91: [(1, datetime.datetime(2026, 8, 30, 0, 0)), (2, 91)]
R92: [(1, datetime.datetime(2026, 8, 31, 0, 0)), (2, 92)]
R93: [(1, datetime.datetime(2026, 9, 1, 0, 0)), (2, 93)]
R94: [(1, datetime.datetime(2026, 9, 2, 0, 0)), (2, 94)]
R95: [(1, datetime.datetime(2026, 9, 3, 0, 0)), (2, 95)]
R96: [(1, datetime.datetime(2026, 9, 4, 0, 0)), (2, 96)]
R97: [(1, datetime.datetime(2026, 9, 5, 0, 0)), (2, 97)]
R98: [(1, datetime.datetime(2026, 9, 6, 0, 0)), (2, 98)]
R99: [(1, datetime.datetime(2026, 9, 7, 0, 0)), (2, 99)]
R100: [(1, datetime.datetime(2026, 9, 8, 0, 0)), (2, 100)]
R101: [(1, datetime.datetime(2026, 9, 9, 0, 0)), (2, 101)]
R102: [(1, datetime.datetime(2026, 9, 10, 0, 0)), (2, 102)]
R103: [(1, datetime.datetime(2026, 9, 11, 0, 0)), (2, 103)]
R104: [(1, datetime.datetime(2026, 9, 12, 0, 0)), (2, 104)]
R105: [(1, datetime.datetime(2026, 9, 13, 0, 0)), (2, 105)]
R106: [(1, datetime.datetime(2026, 9, 14, 0, 0)), (2, 106)]
R107: [(1, datetime.datetime(2026, 9, 15, 0, 0)), (2, 107)]
R108: [(1, datetime.datetime(2026, 9, 16, 0, 0)), (2, 108)]
R109: [(1, datetime.datetime(2026, 9, 17, 0, 0)), (2, 109)]
R110: [(1, datetime.datetime(2026, 9, 18, 0, 0)), (2, 110)]
R111: [(1, datetime.datetime(2026, 9, 19, 0, 0)), (2, 111)]
R112: [(1, datetime.datetime(2026, 9, 20, 0, 0)), (2, 112)]
R113: [(1, datetime.datetime(2026, 9, 21, 0, 0)), (2, 113)]
R114: [(1, datetime.datetime(2026, 9, 22, 0, 0)), (2, 114)]
R115: [(1, datetime.datetime(2026, 9, 23, 0, 0)), (2, 115)]
R116: [(1, datetime.datetime(2026, 9, 24, 0, 0)), (2, 116)]
R117: [(1, datetime.datetime(2026, 9, 25, 0, 0)), (2, 117)]
R118: [(1, datetime.datetime(2026, 9, 26, 0, 0)), (2, 118)]
R119: [(1, datetime.datetime(2026, 9, 27, 0, 0)), (2, 119)]
R120: [(1, datetime.datetime(2026, 9, 28, 0, 0)), (2, 120)]
R121: [(1, datetime.datetime(2026, 9, 29, 0, 0)), (2, 121)]
R122: [(1, datetime.datetime(2026, 9, 30, 0, 0)), (2, 122)]
R123: [(1, datetime.datetime(2026, 10, 1, 0, 0)), (2, 123)]
R124: [(1, datetime.datetime(2026, 10, 2, 0, 0)), (2, 124)]
R125: [(1, datetime.datetime(2026, 10, 3, 0, 0)), (2, 125)]
R126: [(1, datetime.datetime(2026, 10, 4, 0, 0)), (2, 126)]
R127: [(1, datetime.datetime(2026, 10, 5, 0, 0)), (2, 127)]
R128: [(1, datetime.datetime(2026, 10, 6, 0, 0)), (2, 128)]
R129: [(1, datetime.datetime(2026, 10, 7, 0, 0)), (2, 129)]
R130: [(1, datetime.datetime(2026, 10, 8, 0, 0)), (2, 130)]
R131: [(1, datetime.datetime(2026, 10, 9, 0, 0)), (2, 131)]
R132: [(1, datetime.datetime(2026, 10, 10, 0, 0)), (2, 132)]
R133: [(1, datetime.datetime(2026, 10, 11, 0, 0)), (2, 133)]
R134: [(1, datetime.datetime(2026, 10, 12, 0, 0)), (2, 134)]
R135: [(1, datetime.datetime(2026, 10, 13, 0, 0)), (2, 135)]
R136: [(1, datetime.datetime(2026, 10, 14, 0, 0)), (2, 136)]
R137: [(1, datetime.datetime(2026, 10, 15, 0, 0)), (2, 137)]
R138: [(1, datetime.datetime(2026, 10, 16, 0, 0)), (2, 138)]
R139: [(1, datetime.datetime(2026, 10, 17, 0, 0)), (2, 139)]
R140: [(1, datetime.datetime(2026, 10, 18, 0, 0)), (2, 140)]
R141: [(1, datetime.datetime(2026, 10, 19, 0, 0)), (2, 141)]
R142: [(1, datetime.datetime(2026, 10, 20, 0, 0)), (2, 142)]
R143: [(1, datetime.datetime(2026, 10, 21, 0, 0)), (2, 143)]
R144: [(1, datetime.datetime(2026, 10, 22, 0, 0)), (2, 144)]
R145: [(1, datetime.datetime(2026, 10, 23, 0, 0)), (2, 145)]
R146: [(1, datetime.datetime(2026, 10, 24, 0, 0)), (2, 146)]
R147: [(1, datetime.datetime(2026, 10, 25, 0, 0)), (2, 147)]
R148: [(1, datetime.datetime(2026, 10, 26, 0, 0)), (2, 148)]
R149: [(1, datetime.datetime(2026, 10, 27, 0, 0)), (2, 149)]
R150: [(1, datetime.datetime(2026, 10, 28, 0, 0)), (2, 150)]
R151: [(1, datetime.datetime(2026, 10, 29, 0, 0)), (2, 151)]
R152: [(1, datetime.datetime(2026, 10, 30, 0, 0)), (2, 152)]
R153: [(1, datetime.datetime(2026, 10, 31, 0, 0)), (2, 153)]
R154: [(1, datetime.datetime(2026, 11, 1, 0, 0)), (2, 154)]
R155: [(1, datetime.datetime(2026, 11, 2, 0, 0)), (2, 155)]
R156: [(1, datetime.datetime(2026, 11, 3, 0, 0)), (2, 156)]
R157: [(1, datetime.datetime(2026, 11, 4, 0, 0)), (2, 157)]
R158: [(1, datetime.datetime(2026, 11, 5, 0, 0)), (2, 158)]
R159: [(1, datetime.datetime(2026, 11, 6, 0, 0)), (2, 159)]
R160: [(1, datetime.datetime(2026, 11, 7, 0, 0)), (2, 160)]
R161: [(1, datetime.datetime(2026, 11, 8, 0, 0)), (2, 161)]
R162: [(1, datetime.datetime(2026, 11, 9, 0, 0)), (2, 162)]
R163: [(1, datetime.datetime(2026, 11, 10, 0, 0)), (2, 163)]
R164: [(1, datetime.datetime(2026, 11, 11, 0, 0)), (2, 164)]
R165: [(1, datetime.datetime(2026, 11, 12, 0, 0)), (2, 165)]
R166: [(1, datetime.datetime(2026, 11, 13, 0, 0)), (2, 166)]
R167: [(1, datetime.datetime(2026, 11, 14, 0, 0)), (2, 167)]
R168: [(1, datetime.datetime(2026, 11, 15, 0, 0)), (2, 168)]
R169: [(1, datetime.datetime(2026, 11, 16, 0, 0)), (2, 169)]
R170: [(1, datetime.datetime(2026, 11, 17, 0, 0)), (2, 170)]
R171: [(1, datetime.datetime(2026, 11, 18, 0, 0)), (2, 171)]
R172: [(1, datetime.datetime(2026, 11, 19, 0, 0)), (2, 172)]
R173: [(1, datetime.datetime(2026, 11, 20, 0, 0)), (2, 173)]
R174: [(1, datetime.datetime(2026, 11, 21, 0, 0)), (2, 174)]
R175: [(1, datetime.datetime(2026, 11, 22, 0, 0)), (2, 175)]
R176: [(1, datetime.datetime(2026, 11, 23, 0, 0)), (2, 176)]
R177: [(1, datetime.datetime(2026, 11, 24, 0, 0)), (2, 177)]
R178: [(1, datetime.datetime(2026, 11, 25, 0, 0)), (2, 178)]
R179: [(1, datetime.datetime(2026, 11, 26, 0, 0)), (2, 179)]
R180: [(1, datetime.datetime(2026, 11, 27, 0, 0)), (2, 180)]
R181: [(1, datetime.datetime(2026, 11, 28, 0, 0)), (2, 181)]
R182: [(1, datetime.datetime(2026, 11, 29, 0, 0)), (2, 182)]
R183: [(1, datetime.datetime(2026, 11, 30, 0, 0)), (2, 183)]
R184: [(1, datetime.datetime(2026, 12, 1, 0, 0)), (2, 184)]
R185: [(1, datetime.datetime(2026, 12, 2, 0, 0)), (2, 185)]
R186: [(1, datetime.datetime(2026, 12, 3, 0, 0)), (2, 186)]
R187: [(1, datetime.datetime(2026, 12, 4, 0, 0)), (2, 187)]
R188: [(1, datetime.datetime(2026, 12, 5, 0, 0)), (2, 188)]
R189: [(1, datetime.datetime(2026, 12, 6, 0, 0)), (2, 189)]
R190: [(1, datetime.datetime(2026, 12, 7, 0, 0)), (2, 190)]
R191: [(1, datetime.datetime(2026, 12, 8, 0, 0)), (2, 191)]
R192: [(1, datetime.datetime(2026, 12, 9, 0, 0)), (2, 192)]
R193: [(1, datetime.datetime(2026, 12, 10, 0, 0)), (2, 193)]
R194: [(1, datetime.datetime(2026, 12, 11, 0, 0)), (2, 194)]
R195: [(1, datetime.datetime(2026, 12, 12, 0, 0)), (2, 195)]
R196: [(1, datetime.datetime(2026, 12, 13, 0, 0)), (2, 196)]
R197: [(1, datetime.datetime(2026, 12, 14, 0, 0)), (2, 197)]
R198: [(1, datetime.datetime(2026, 12, 15, 0, 0)), (2, 198)]
R199: [(1, datetime.datetime(2026, 12, 16, 0, 0)), (2, 199)]
R200: [(1, datetime.datetime(2026, 12, 17, 0, 0)), (2, 200)]
R201: [(1, datetime.datetime(2026, 12, 18, 0, 0)), (2, 201)]
R202: [(1, datetime.datetime(2026, 12, 19, 0, 0)), (2, 202)]
R203: [(1, datetime.datetime(2026, 12, 20, 0, 0)), (2, 203)]
R204: [(1, datetime.datetime(2026, 12, 21, 0, 0)), (2, 204)]
R205: [(1, datetime.datetime(2026, 12, 22, 0, 0)), (2, 205)]
R206: [(1, datetime.datetime(2026, 12, 23, 0, 0)), (2, 206)]
R207: [(1, datetime.datetime(2026, 12, 24, 0, 0)), (2, 207)]
R208: [(1, datetime.datetime(2026, 12, 25, 0, 0)), (2, 208)]
R209: [(1, datetime.datetime(2026, 12, 26, 0, 0)), (2, 209)]
R210: [(1, datetime.datetime(2026, 12, 27, 0, 0)), (2, 210)]
R211: [(1, datetime.datetime(2026, 12, 28, 0, 0)), (2, 211)]
R212: [(1, datetime.datetime(2026, 12, 29, 0, 0)), (2, 212)]
R213: [(1, datetime.datetime(2026, 12, 30, 0, 0)), (2, 213)]
R214: [(1, datetime.datetime(2026, 12, 31, 0, 0)), (2, 214)]
R215: [(1, datetime.datetime(2027, 1, 1, 0, 0)), (2, 215)]
R216: [(1, datetime.datetime(2027, 1, 2, 0, 0)), (2, 216)]
R217: [(1, datetime.datetime(2027, 1, 3, 0, 0)), (2, 217)]
R218: [(1, datetime.datetime(2027, 1, 4, 0, 0)), (2, 218)]
R219: [(1, datetime.datetime(2027, 1, 5, 0, 0)), (2, 219)]
R220: [(1, datetime.datetime(2027, 1, 6, 0, 0)), (2, 220)]
R221: [(1, datetime.datetime(2027, 1, 7, 0, 0)), (2, 221)]
R222: [(1, datetime.datetime(2027, 1, 8, 0, 0)), (2, 222)]
R223: [(1, datetime.datetime(2027, 1, 9, 0, 0)), (2, 223)]
R224: [(1, datetime.datetime(2027, 1, 10, 0, 0)), (2, 224)]
R225: [(1, datetime.datetime(2027, 1, 11, 0, 0)), (2, 225)]
R226: [(1, datetime.datetime(2027, 1, 12, 0, 0)), (2, 226)]
R227: [(1, datetime.datetime(2027, 1, 13, 0, 0)), (2, 227)]
R228: [(1, datetime.datetime(2027, 1, 14, 0, 0)), (2, 228)]
R229: [(1, datetime.datetime(2027, 1, 15, 0, 0)), (2, 229)]
R230: [(1, datetime.datetime(2027, 1, 16, 0, 0)), (2, 230)]
R231: [(1, datetime.datetime(2027, 1, 17, 0, 0)), (2, 231)]
R232: [(1, datetime.datetime(2027, 1, 18, 0, 0)), (2, 232)]
R233: [(1, datetime.datetime(2027, 1, 19, 0, 0)), (2, 233)]
R234: [(1, datetime.datetime(2027, 1, 20, 0, 0)), (2, 234)]
R235: [(1, datetime.datetime(2027, 1, 21, 0, 0)), (2, 235)]
R236: [(1, datetime.datetime(2027, 1, 22, 0, 0)), (2, 236)]
R237: [(1, datetime.datetime(2027, 1, 23, 0, 0)), (2, 237)]
R238: [(1, datetime.datetime(2027, 1, 24, 0, 0)), (2, 238)]
R239: [(1, datetime.datetime(2027, 1, 25, 0, 0)), (2, 239)]
R240: [(1, datetime.datetime(2027, 1, 26, 0, 0)), (2, 240)]
R241: [(1, datetime.datetime(2027, 1, 27, 0, 0)), (2, 241)]
R242: [(1, datetime.datetime(2027, 1, 28, 0, 0)), (2, 242)]
R243: [(1, datetime.datetime(2027, 1, 29, 0, 0)), (2, 243)]
R244: [(1, datetime.datetime(2027, 1, 30, 0, 0)), (2, 244)]
R245: [(1, datetime.datetime(2027, 1, 31, 0, 0)), (2, 245)]
R246: [(1, datetime.datetime(2027, 2, 1, 0, 0)), (2, 246)]
R247: [(1, datetime.datetime(2027, 2, 2, 0, 0)), (2, 247)]
R248: [(1, datetime.datetime(2027, 2, 3, 0, 0)), (2, 248)]
R249: [(1, datetime.datetime(2027, 2, 4, 0, 0)), (2, 249)]
R250: [(1, datetime.datetime(2027, 2, 5, 0, 0)), (2, 250)]
R251: [(1, datetime.datetime(2027, 2, 6, 0, 0)), (2, 251)]
R252: [(1, datetime.datetime(2027, 2, 7, 0, 0)), (2, 252)]
R253: [(1, datetime.datetime(2027, 2, 8, 0, 0)), (2, 253)]
R254: [(1, datetime.datetime(2027, 2, 9, 0, 0)), (2, 254)]
R255: [(1, datetime.datetime(2027, 2, 10, 0, 0)), (2, 255)]
R256: [(1, datetime.datetime(2027, 2, 11, 0, 0)), (2, 256)]
R257: [(1, datetime.datetime(2027, 2, 12, 0, 0)), (2, 257)]
R258: [(1, datetime.datetime(2027, 2, 13, 0, 0)), (2, 258)]
R259: [(1, datetime.datetime(2027, 2, 14, 0, 0)), (2, 259)]
R260: [(1, datetime.datetime(2027, 2, 15, 0, 0)), (2, 260)]
R261: [(1, datetime.datetime(2027, 2, 16, 0, 0)), (2, 261)]
R262: [(1, datetime.datetime(2027, 2, 17, 0, 0)), (2, 262)]
R263: [(1, datetime.datetime(2027, 2, 18, 0, 0)), (2, 263)]
R264: [(1, datetime.datetime(2027, 2, 19, 0, 0)), (2, 264)]
R265: [(1, datetime.datetime(2027, 2, 20, 0, 0)), (2, 265)]
R266: [(1, datetime.datetime(2027, 2, 21, 0, 0)), (2, 266)]
R267: [(1, datetime.datetime(2027, 2, 22, 0, 0)), (2, 267)]
R268: [(1, datetime.datetime(2027, 2, 23, 0, 0)), (2, 268)]
R269: [(1, datetime.datetime(2027, 2, 24, 0, 0)), (2, 269)]
R270: [(1, datetime.datetime(2027, 2, 25, 0, 0)), (2, 270)]
R271: [(1, datetime.datetime(2027, 2, 26, 0, 0)), (2, 271)]
R272: [(1, datetime.datetime(2027, 2, 27, 0, 0)), (2, 272)]
R273: [(1, datetime.datetime(2027, 2, 28, 0, 0)), (2, 273)]
R274: [(1, datetime.datetime(2027, 3, 1, 0, 0)), (2, 274)]
R275: [(1, datetime.datetime(2027, 3, 2, 0, 0)), (2, 275)]
R276: [(1, datetime.datetime(2027, 3, 3, 0, 0)), (2, 276)]
R277: [(1, datetime.datetime(2027, 3, 4, 0, 0)), (2, 277)]
R278: [(1, datetime.datetime(2027, 3, 5, 0, 0)), (2, 278)]
R279: [(1, datetime.datetime(2027, 3, 6, 0, 0)), (2, 279)]
R280: [(1, datetime.datetime(2027, 3, 7, 0, 0)), (2, 280)]
R281: [(1, datetime.datetime(2027, 3, 8, 0, 0)), (2, 281)]
R282: [(1, datetime.datetime(2027, 3, 9, 0, 0)), (2, 282)]
R283: [(1, datetime.datetime(2027, 3, 10, 0, 0)), (2, 283)]
R284: [(1, datetime.datetime(2027, 3, 11, 0, 0)), (2, 284)]
R285: [(1, datetime.datetime(2027, 3, 12, 0, 0)), (2, 285)]
R286: [(1, datetime.datetime(2027, 3, 13, 0, 0)), (2, 286)]
R287: [(1, datetime.datetime(2027, 3, 14, 0, 0)), (2, 287)]
R288: [(1, datetime.datetime(2027, 3, 15, 0, 0)), (2, 288)]
R289: [(1, datetime.datetime(2027, 3, 16, 0, 0)), (2, 289)]
R290: [(1, datetime.datetime(2027, 3, 17, 0, 0)), (2, 290)]
R291: [(1, datetime.datetime(2027, 3, 18, 0, 0)), (2, 291)]
R292: [(1, datetime.datetime(2027, 3, 19, 0, 0)), (2, 292)]
R293: [(1, datetime.datetime(2027, 3, 20, 0, 0)), (2, 293)]
R294: [(1, datetime.datetime(2027, 3, 21, 0, 0)), (2, 294)]
R295: [(1, datetime.datetime(2027, 3, 22, 0, 0)), (2, 295)]
R296: [(1, datetime.datetime(2027, 3, 23, 0, 0)), (2, 296)]
R297: [(1, datetime.datetime(2027, 3, 24, 0, 0)), (2, 297)]
R298: [(1, datetime.datetime(2027, 3, 25, 0, 0)), (2, 298)]
R299: [(1, datetime.datetime(2027, 3, 26, 0, 0)), (2, 299)]
R300: [(1, datetime.datetime(2027, 3, 27, 0, 0)), (2, 300)]
R301: [(1, datetime.datetime(2027, 3, 28, 0, 0)), (2, 301)]
R302: [(1, datetime.datetime(2027, 3, 29, 0, 0)), (2, 302)]
R303: [(1, datetime.datetime(2027, 3, 30, 0, 0)), (2, 303)]
R304: [(1, datetime.datetime(2027, 3, 31, 0, 0)), (2, 304)]
R305: [(1, datetime.datetime(2027, 4, 1, 0, 0)), (2, 305)]
R306: [(1, datetime.datetime(2027, 4, 2, 0, 0)), (2, 306)]
R307: [(1, datetime.datetime(2027, 4, 3, 0, 0)), (2, 307)]
R308: [(1, datetime.datetime(2027, 4, 4, 0, 0)), (2, 308)]
R309: [(1, datetime.datetime(2027, 4, 5, 0, 0)), (2, 309)]
R310: [(1, datetime.datetime(2027, 4, 6, 0, 0)), (2, 310)]
R311: [(1, datetime.datetime(2027, 4, 7, 0, 0)), (2, 311)]
R312: [(1, datetime.datetime(2027, 4, 8, 0, 0)), (2, 312)]
R313: [(1, datetime.datetime(2027, 4, 9, 0, 0)), (2, 313)]
R314: [(1, datetime.datetime(2027, 4, 10, 0, 0)), (2, 314)]
R315: [(1, datetime.datetime(2027, 4, 11, 0, 0)), (2, 315)]
R316: [(1, datetime.datetime(2027, 4, 12, 0, 0)), (2, 316)]
R317: [(1, datetime.datetime(2027, 4, 13, 0, 0)), (2, 317)]
R318: [(1, datetime.datetime(2027, 4, 14, 0, 0)), (2, 318)]
R319: [(1, datetime.datetime(2027, 4, 15, 0, 0)), (2, 319)]
R320: [(1, datetime.datetime(2027, 4, 16, 0, 0)), (2, 320)]
R321: [(1, datetime.datetime(2027, 4, 17, 0, 0)), (2, 321)]
R322: [(1, datetime.datetime(2027, 4, 18, 0, 0)), (2, 322)]
R323: [(1, datetime.datetime(2027, 4, 19, 0, 0)), (2, 323)]
R324: [(1, datetime.datetime(2027, 4, 20, 0, 0)), (2, 324)]
R325: [(1, datetime.datetime(2027, 4, 21, 0, 0)), (2, 325)]
R326: [(1, datetime.datetime(2027, 4, 22, 0, 0)), (2, 326)]
R327: [(1, datetime.datetime(2027, 4, 23, 0, 0)), (2, 327)]
R328: [(1, datetime.datetime(2027, 4, 24, 0, 0)), (2, 328)]
R329: [(1, datetime.datetime(2027, 4, 25, 0, 0)), (2, 329)]
R330: [(1, datetime.datetime(2027, 4, 26, 0, 0)), (2, 330)]
R331: [(1, datetime.datetime(2027, 4, 27, 0, 0)), (2, 331)]
R332: [(1, datetime.datetime(2027, 4, 28, 0, 0)), (2, 332)]
R333: [(1, datetime.datetime(2027, 4, 29, 0, 0)), (2, 333)]
R334: [(1, datetime.datetime(2027, 4, 30, 0, 0)), (2, 334)]
R335: [(1, datetime.datetime(2027, 5, 1, 0, 0)), (2, 335)]
R336: [(1, datetime.datetime(2027, 5, 2, 0, 0)), (2, 336)]
R337: [(1, datetime.datetime(2027, 5, 3, 0, 0)), (2, 337)]
R338: [(1, datetime.datetime(2027, 5, 4, 0, 0)), (2, 338)]
R339: [(1, datetime.datetime(2027, 5, 5, 0, 0)), (2, 339)]
R340: [(1, datetime.datetime(2027, 5, 6, 0, 0)), (2, 340)]
R341: [(1, datetime.datetime(2027, 5, 7, 0, 0)), (2, 341)]
R342: [(1, datetime.datetime(2027, 5, 8, 0, 0)), (2, 342)]
R343: [(1, datetime.datetime(2027, 5, 9, 0, 0)), (2, 343)]
R344: [(1, datetime.datetime(2027, 5, 10, 0, 0)), (2, 344)]
R345: [(1, datetime.datetime(2027, 5, 11, 0, 0)), (2, 345)]
R346: [(1, datetime.datetime(2027, 5, 12, 0, 0)), (2, 346)]
R347: [(1, datetime.datetime(2027, 5, 13, 0, 0)), (2, 347)]
R348: [(1, datetime.datetime(2027, 5, 14, 0, 0)), (2, 348)]
R349: [(1, datetime.datetime(2027, 5, 15, 0, 0)), (2, 349)]
R350: [(1, datetime.datetime(2027, 5, 16, 0, 0)), (2, 350)]
R351: [(1, datetime.datetime(2027, 5, 17, 0, 0)), (2, 351)]
R352: [(1, datetime.datetime(2027, 5, 18, 0, 0)), (2, 352)]
R353: [(1, datetime.datetime(2027, 5, 19, 0, 0)), (2, 353)]
R354: [(1, datetime.datetime(2027, 5, 20, 0, 0)), (2, 354)]
R355: [(1, datetime.datetime(2027, 5, 21, 0, 0)), (2, 355)]
R356: [(1, datetime.datetime(2027, 5, 22, 0, 0)), (2, 356)]
R357: [(1, datetime.datetime(2027, 5, 23, 0, 0)), (2, 357)]
R358: [(1, datetime.datetime(2027, 5, 24, 0, 0)), (2, 358)]
R359: [(1, datetime.datetime(2027, 5, 25, 0, 0)), (2, 359)]
R360: [(1, datetime.datetime(2027, 5, 26, 0, 0)), (2, 360)]
R361: [(1, datetime.datetime(2027, 5, 27, 0, 0)), (2, 361)]
R362: [(1, datetime.datetime(2027, 5, 28, 0, 0)), (2, 362)]
R363: [(1, datetime.datetime(2027, 5, 29, 0, 0)), (2, 363)]
R364: [(1, datetime.datetime(2027, 5, 30, 0, 0)), (2, 364)]
R365: [(1, datetime.datetime(2027, 5, 31, 0, 0)), (2, 365)]
